3 0.01875 0.4359375 0.03671875 0.29765625
3 0.08671875 0.47109375 0.0796875 0.2484375
3 0.13046875 0.7296875 0.07734375 0.32265625
3 0.20625 0.44296875 0.06953125 0.065625
3 0.2125 0.64375 0.06953125 0.325
3 0.28125 0.69921875 0.08125 0.38828125
3 0.35078125 0.50390625 0.07734375 0.2703125
3 0.4171875 0.6390625 0.0671875 0.3390625
3 0.5109375 0.8390625 0.1 0.2515625
3 0.5203125 0.60625 0.08984375 0.2625
3 0.5578125 0.421875 0.07578125 0.12265625
3 0.6375 0.70078125 0.07109375 0.3140625
3 0.75703125 0.63828125 0.08984375 0.303125
3 0.92890625 0.67734375 0.09375 0.31171875
3 0.96328125 0.49609375 0.04921875 0.0953125
3 0.86953125 0.54921875 0.065625 0.30078125
3 0.8203125 0.4328125 0.0609375 0.21015625
2 0.67421875 0.4875 0.18125 0.171875
2 0.415625 0.49296875 0.0921875 0.13359375