2 0.4984375 0.73828125 0.91953125 0.1890625
3 0.078125 0.4671875 0.1453125 0.3234375
3 0.13359375 0.4765625 0.09609375 0.30546875
3 0.18984375 0.3765625 0.04140625 0.08359375
3 0.25546875 0.4265625 0.3296875 0.55078125
3 0.3828125 0.43984375 0.1375 0.4765625
3 0.3765625 0.17109375 0.09375 0.07265625
3 0.50234375 0.41328125 0.3140625 0.44921875
3 0.7671875 0.42578125 0.3453125 0.43671875
3 0.83359375 0.41171875 0.23359375 0.53671875
3 0.94453125 0.52734375 0.09609375 0.20390625
3 0.95859375 0.3375 0.0625 0.1
3 0.90390625 0.34765625 0.0625 0.12734375