2 0.51484375 0.63203125 0.11484375 0.21015625
3 0.6328125 0.5734375 0.1453125 0.28984375
3 0.17265625 0.54921875 0.1953125 0.57109375
3 0.19375 0.24765625 0.1671875 0.28984375
3 0.3609375 0.1453125 0.0921875 0.28984375
3 0.40859375 0.41328125 0.1578125 0.73671875
3 0.46875 0.36796875 0.0921875 0.40625
3 0.5625 0.28984375 0.08984375 0.39296875
3 0.5828125 0.0828125 0.0296875 0.04921875
3 0.7 0.22578125 0.15 0.39765625
3 0.78125 0.140625 0.0328125 0.09375
3 0.8328125 0.1453125 0.0546875 0.1296875
3 0.9078125 0.1984375 0.075 0.1296875