3 0.1109375 0.196875 0.221875 0.39296875
3 0.23515625 0.12734375 0.15390625 0.2203125
3 0.3484375 0.140625 0.1359375 0.1390625
3 0.31640625 0.0359375 0.1359375 0.07109375
3 0.8125 0.63203125 0.36640625 0.54609375
3 0.6625 0.15234375 0.2125 0.3046875
3 0.525 0.0609375 0.10859375 0.121875
3 0.4796875 0.15234375 0.1265625 0.121875
3 0.5703125 0.40703125 0.271875 0.27109375
3 0.303125 0.4203125 0.28046875 0.23046875
3 0.3328125 0.78828125 0.45703125 0.4171875
2 0.42109375 0.67265625 0.84140625 0.3765625