2 0.21640625 0.62109375 0.325 0.20234375
2 0.56328125 0.62421875 0.209375 0.39296875
2 0.72734375 0.65625 0.2203125 0.421875
3 0.87890625 0.45390625 0.15546875 0.60703125
3 0.778125 0.3671875 0.11875 0.37578125
3 0.74765625 0.3609375 0.0578125 0.22578125
3 0.684375 0.35 0.06171875 0.22578125
3 0.6140625 0.3703125 0.071875 0.21953125
3 0.30703125 0.465625 0.14453125 0.2484375
3 0.41171875 0.33515625 0.08671875 0.27734375
3 0.06328125 0.34375 0.090625 0.35234375
3 0.265625 0.08359375 0.03984375 0.14453125
3 0.315625 0.08984375 0.0328125 0.17890625
3 0.35703125 0.11875 0.05078125 0.15625