2 0.61328125 0.6359375 0.37890625 0.2640625
3 0.0265625 0.4671875 0.046875 0.6484375
3 0.09609375 0.46875 0.1484375 0.60859375
3 0.034375 0.1140625 0.040625 0.06875
3 0.0796875 0.1640625 0.06328125 0.1625
3 0.13828125 0.13671875 0.0390625 0.05859375
3 0.1765625 0.3046875 0.05390625 0.3734375
3 0.22578125 0.22109375 0.046875 0.19375
3 0.26484375 0.2046875 0.0640625 0.2046875
3 0.325 0.21953125 0.0640625 0.20859375
3 0.38828125 0.23359375 0.0515625 0.18125
3 0.43046875 0.23046875 0.03515625 0.184375
3 0.48515625 0.29296875 0.08828125 0.290625
3 0.5453125 0.3140625 0.10703125 0.40703125
3 0.59453125 0.2953125 0.06015625 0.32421875
3 0.63515625 0.17890625 0.03828125 0.078125
3 0.6765625 0.35859375 0.16484375 0.4375
3 0.77890625 0.234375 0.071875 0.1796875
3 0.82421875 0.22734375 0.0609375 0.1046875
3 0.8734375 0.37109375 0.1078125 0.46875
3 0.8921875 0.15 0.04375 0.075
3 0.9234375 0.62109375 0.14921875 0.3796875