3 0.6140625 0.128125 0.05546875 0.1109375
3 0.678125 0.1140625 0.03984375 0.06328125
3 0.72890625 0.103125 0.03984375 0.06015625
3 0.65546875 0.19453125 0.04453125 0.09140625
3 0.6890625 0.221875 0.0578125 0.1265625
3 0.7625 0.23125 0.06640625 0.08828125
3 0.8296875 0.21328125 0.0640625 0.1421875
3 0.903125 0.32734375 0.08671875 0.225
3 0.82890625 0.55078125 0.1640625 0.525
3 0.5078125 0.728125 0.23359375 0.53203125
3 0.1359375 0.78203125 0.27109375 0.43046875
3 0.18984375 0.4875 0.2734375 0.67109375
3 0.3703125 0.4796875 0.13984375 0.6234375