3 0.859375 0.25390625 0.07421875 0.2140625
3 0.75703125 0.50703125 0.1421875 0.96875
3 0.696875 0.1171875 0.065625 0.23359375
3 0.66015625 0.14375 0.04765625 0.14609375
3 0.63828125 0.3125 0.04765625 0.40546875
3 0.58515625 0.27578125 0.078125 0.4
3 0.46015625 0.2109375 0.0921875 0.20859375
3 0.3578125 0.2390625 0.06015625 0.20859375
3 0.32265625 0.20703125 0.021875 0.09296875
3 0.2609375 0.2859375 0.05390625 0.20546875
3 0.12421875 0.3171875 0.05234375 0.26796875
3 0.43671875 0.3265625 0.11796875 0.09609375
3 0.4921875 0.47890625 0.184375 0.20859375
3 0.32890625 0.43828125 0.134375 0.13828125
2 0.3953125 0.6390625 0.26171875 0.25390625