2 0.4546875 0.50234375 0.1765625 0.2296875
3 0.02109375 0.2203125 0.0421875 0.36328125
3 0.13046875 0.18203125 0.0421875 0.296875
3 0.18828125 0.234375 0.0671875 0.43984375
3 0.2171875 0.18671875 0.0546875 0.3734375
3 0.25859375 0.19609375 0.0484375 0.325
3 0.31796875 0.19140625 0.0578125 0.34453125
3 0.35390625 0.11015625 0.02578125 0.12421875
3 0.46640625 0.19375 0.0578125 0.34921875
3 0.50625 0.16953125 0.0546875 0.3015625
3 0.57265625 0.21015625 0.0640625 0.41171875
3 0.659375 0.2703125 0.08359375 0.51171875