3 0.05078125 0.51015625 0.06796875 0.5875
3 0.12578125 0.58984375 0.134375 0.8125
3 0.1609375 0.225 0.03046875 0.04140625
3 0.190625 0.52109375 0.0796875 0.73359375
3 0.215625 0.25625 0.02578125 0.05390625
3 0.26015625 0.24140625 0.02109375 0.05859375
3 0.28203125 0.47265625 0.0703125 0.5125
3 0.34609375 0.45 0.0515625 0.44140625
3 0.41875 0.45390625 0.084375 0.54140625
3 0.45390625 0.23359375 0.01875 0.05
3 0.4671875 0.26640625 0.02109375 0.04140625
3 0.5015625 0.41015625 0.0515625 0.37109375
3 0.5578125 0.42734375 0.0796875 0.47109375
3 0.56796875 0.24140625 0.03515625 0.03359375
3 0.6234375 0.41640625 0.0609375 0.40859375
3 0.646875 0.25859375 0.0234375 0.04140625
3 0.68203125 0.23984375 0.0234375 0.04609375
3 0.6953125 0.41015625 0.08203125 0.37109375
3 0.7671875 0.38515625 0.0703125 0.24609375
3 0.96328125 0.49375 0.06796875 0.62109375
2 0.62109375 0.78515625 0.21171875 0.27109375