3 0.11015625 0.73984375 0.2203125 0.515625
3 0.0796875 0.39296875 0.1453125 0.2046875
3 0.1171875 0.2453125 0.0671875 0.14140625
3 0.21171875 0.33203125 0.09609375 0.265625
3 0.32890625 0.6609375 0.25078125 0.6734375
3 0.3109375 0.240625 0.03984375 0.0828125
3 0.33984375 0.29609375 0.0765625 0.1109375
3 0.4203125 0.390625 0.11640625 0.39921875
3 0.44921875 0.23984375 0.01796875 0.0578125
3 0.5046875 0.3640625 0.10703125 0.46796875
3 0.54296875 0.375 0.0421875 0.36875
3 0.5953125 0.33515625 0.05625 0.3546875
3 0.70546875 0.63828125 0.21796875 0.7171875
3 0.6546875 0.1703125 0.03671875 0.11328125
3 0.6890625 0.2203125 0.0546875 0.075
3 0.7453125 0.33828125 0.07265625 0.315625
3 0.74921875 0.13828125 0.0328125 0.071875
3 0.81796875 0.45 0.109375 0.56796875
3 0.84765625 0.16875 0.05078125 0.08828125
3 0.92734375 0.5953125 0.134375 0.78125
3 0.92109375 0.16875 0.0890625 0.0828125
3 0.97890625 0.16640625 0.03828125 0.071875
3 0.9578125 0.3765625 0.0796875 0.26015625
2 0.5203125 0.80078125 0.18515625 0.221875