3 0.95234375 0.48671875 0.08984375 0.5
3 0.8546875 0.3 0.1453125 0.353125
3 0.93984375 0.1703125 0.0546875 0.11328125
3 0.925 0.38984375 0.1453125 0.46015625
3 0.675 0.50859375 0.31015625 0.25
3 0.6921875 0.28671875 0.125 0.26015625
3 0.72109375 0.15859375 0.0828125 0.08359375
3 0.62265625 0.18515625 0.08515625 0.1234375
3 0.55234375 0.2296875 0.11015625 0.1203125
3 0.46640625 0.36484375 0.12265625 0.35703125
3 0.3515625 0.56484375 0.22265625 0.21015625
3 0.29375 0.34140625 0.2078125 0.1703125
3 0.09765625 0.3046875 0.16484375 0.34296875
3 0.2296875 0.2 0.0796875 0.146875
3 0.2921875 0.1796875 0.0796875 0.16015625
2 0.4375 0.8015625 0.4296875 0.23671875