3 0.015625 0.61796875 0.03125 0.2765625
3 0.08984375 0.53984375 0.0796875 0.23828125
3 0.05703125 0.7234375 0.08671875 0.1765625
3 0.1453125 0.778125 0.0796875 0.396875
3 0.31796875 0.79296875 0.06328125 0.35
3 0.4453125 0.49140625 0.05703125 0.1765625
3 0.459375 0.71484375 0.06796875 0.31171875
3 0.50390625 0.453125 0.03203125 0.053125
3 0.52421875 0.55703125 0.0515625 0.15625
3 0.53203125 0.75 0.06328125 0.31796875
3 0.6828125 0.4484375 0.05859375 0.13828125
3 0.69140625 0.628125 0.06328125 0.2796875
3 0.77890625 0.921875 0.11484375 0.13828125
2 0.6625 0.81796875 0.128125 0.11171875
2 0.54140625 0.81640625 0.1265625 0.0796875