2 0.4546875 0.68515625 0.278125 0.3390625
3 0.05703125 0.3375 0.1046875 0.29375
3 0.1546875 0.3734375 0.08203125 0.23515625
3 0.2265625 0.39453125 0.0578125 0.1796875
3 0.29140625 0.371875 0.06640625 0.2734375
3 0.37109375 0.36015625 0.0890625 0.25625
3 0.48671875 0.3734375 0.1203125 0.26953125
3 0.58359375 0.39296875 0.0734375 0.196875
3 0.63125 0.290625 0.0796875 0.15234375
3 0.646875 0.41875 0.04453125 0.096875
3 0.7578125 0.49453125 0.19140625 0.47734375
3 0.79296875 0.31328125 0.221875 0.3703125
3 0.93125 0.37734375 0.053125 0.22109375
3 0.9765625 0.353125 0.0421875 0.290625