2 0.553125 0.60078125 0.3109375 0.5
3 0.91484375 0.2640625 0.08046875 0.27890625
3 0.96484375 0.23046875 0.0640625 0.21171875
3 0.85234375 0.25234375 0.0640625 0.22578125
3 0.78359375 0.27890625 0.09921875 0.35546875
3 0.71015625 0.303125 0.0484375 0.28828125
3 0.68125 0.1875 0.0546875 0.125
3 0.46953125 0.2953125 0.13125 0.28359375
3 0.3890625 0.24296875 0.0484375 0.10078125
3 0.3625 0.4109375 0.10234375 0.428125
3 0.19375 0.36328125 0.0546875 0.1109375
3 0.1765625 0.39453125 0.04453125 0.16328125
3 0.1375 0.32421875 0.01953125 0.03359375
3 0.1296875 0.3890625 0.0671875 0.21171875
3 0.1109375 0.41796875 0.0609375 0.1828125
3 0.03359375 0.41796875 0.0484375 0.08671875
3 0.02109375 0.45703125 0.04140625 0.1828125