3 0.046875 0.47890625 0.078125 0.39921875
3 0.11015625 0.4828125 0.071875 0.4328125
3 0.06796875 0.32421875 0.02421875 0.05703125
3 0.17421875 0.38046875 0.06796875 0.13984375
3 0.20390625 0.325 0.028125 0.04375
3 0.26171875 0.55078125 0.3078125 0.665625
3 0.365625 0.31640625 0.05625 0.10859375
3 0.428125 0.28203125 0.0359375 0.07734375
3 0.4640625 0.53984375 0.32421875 0.70234375
3 0.5578125 0.31640625 0.07578125 0.1140625
3 0.66171875 0.5703125 0.32421875 0.78203125
3 0.81171875 0.51328125 0.1203125 0.559375
3 0.890625 0.509375 0.1421875 0.5828125
3 0.0140625 0.50390625 0.028125 0.3390625