2 0.81328125 0.85546875 0.2484375 0.18125
2 0.1765625 0.76171875 0.33671875 0.321875
3 0.90390625 0.5421875 0.1203125 0.69453125
3 0.97578125 0.453125 0.04375 0.040625
3 0.8453125 0.46484375 0.08828125 0.56015625
3 0.78828125 0.5203125 0.121875 0.63125
3 0.73984375 0.23359375 0.05234375 0.12421875
3 0.65234375 0.5265625 0.2265625 0.9328125
3 0.553125 0.53671875 0.1203125 0.67109375
3 0.4796875 0.50703125 0.1703125 0.725
3 0.43125 0.571875 0.20078125 0.62734375
3 0.31875 0.56171875 0.140625 0.68125