2 0.459375 0.384375 0.21171875 0.2734375
2 0.58046875 0.24453125 0.0921875 0.19453125
3 0.76953125 0.14453125 0.084375 0.215625
3 0.9671875 0.12109375 0.0578125 0.2421875
3 0.90546875 0.11015625 0.034375 0.14765625
3 0.86953125 0.1 0.04609375 0.1578125
3 0.23046875 0.17890625 0.05390625 0.115625
3 0.15546875 0.19765625 0.0578125 0.15234375
3 0.0765625 0.18671875 0.06171875 0.13125
3 0.0234375 0.1921875 0.04609375 0.12109375
2 0.49453125 0.20234375 0.0734375 0.08984375
3 0.5484375 0.13984375 0.0421875 0.13125