2 0.42265625 0.77734375 0.57421875 0.28046875
3 0.07890625 0.04765625 0.09765625 0.0953125
3 0.01875 0.0796875 0.034375 0.071875
3 0.04375 0.14140625 0.084375 0.0921875
3 0.115625 0.165625 0.08828125 0.08515625
3 0.203125 0.14921875 0.08984375 0.103125
3 0.2078125 0.065625 0.06796875 0.0796875
3 0.28515625 0.13125 0.05390625 0.1234375
3 0.35234375 0.13359375 0.04765625 0.09765625
3 0.409375 0.13515625 0.07421875 0.07421875
3 0.38203125 0.22890625 0.071875 0.11796875
3 0.27265625 0.2890625 0.08203125 0.1671875
3 0.34921875 0.36875 0.11015625 0.203125
3 0.4546875 0.2984375 0.08984375 0.15390625
3 0.09375 0.5859375 0.16015625 0.69375
3 0.028125 0.22265625 0.05625 0.1515625
3 0.19375 0.334375 0.14375 0.246875
3 0.67890625 0.48359375 0.3140625 0.40625
3 0.68125 0.29296875 0.11015625 0.16484375
3 0.73203125 0.19296875 0.07578125 0.11328125
3 0.7796875 0.28671875 0.13984375 0.14140625
3 0.90625 0.08359375 0.09609375 0.08984375
3 0.92265625 0.17578125 0.12578125 0.0796875
3 0.934375 0.28125 0.128125 0.1359375
3 0.921875 0.709375 0.15234375 0.5140625