3 0.2140625 0.39296875 0.1671875 0.76015625
3 0.3328125 0.2703125 0.1 0.43359375
3 0.2625 0.18515625 0.0453125 0.16328125
3 0.4671875 0.25703125 0.08984375 0.40703125
3 0.51875 0.11171875 0.0578125 0.1703125
3 0.59375 0.23828125 0.0875 0.41015625
3 0.68359375 0.178125 0.0875 0.296875
3 0.7671875 0.1953125 0.0953125 0.2765625
3 0.7171875 0.0984375 0.025 0.05
3 0.81875 0.28515625 0.10234375 0.2703125
3 0.87890625 0.203125 0.0421875 0.06015625
3 0.93359375 0.1046875 0.0328125 0.05703125
3 0.9671875 0.0453125 0.0453125 0.05703125
3 0.9421875 0.16015625 0.0953125 0.1734375
3 0.99140625 0.121875 0.0125 0.08984375
3 0.6828125 0.5515625 0.1453125 0.396875
2 0.53984375 0.5984375 0.16484375 0.3234375
3 0.11875 0.096875 0.0328125 0.046875
3 0.1625 0.0953125 0.0296875 0.03671875
3 0.0734375 0.08203125 0.0328125 0.04296875