3 0.96015625 0.36875 0.07265625 0.49765625
3 0.8890625 0.2953125 0.1421875 0.58984375
3 0.83359375 0.12265625 0.0828125 0.2453125
3 0.68359375 0.2265625 0.0796875 0.43203125
3 0.55078125 0.18046875 0.0765625 0.35
3 0.4203125 0.18828125 0.1125 0.3765625
3 0.315625 0.171875 0.065625 0.34375
3 0.26875 0.23515625 0.09453125 0.459375
3 0.07421875 0.10390625 0.0984375 0.2078125
3 0.03828125 0.3578125 0.0765625 0.42109375
3 0.465625 0.4921875 0.22578125 0.2625
3 0.24765625 0.69375 0.18203125 0.4921875
2 0.63671875 0.73515625 0.6109375 0.28984375