2 0.11953125 0.7515625 0.23828125 0.48515625
2 0.2734375 0.6765625 0.14921875 0.19140625
2 0.59609375 0.86796875 0.53671875 0.2515625
2 0.8671875 0.56875 0.09921875 0.09609375
2 0.8890625 0.68828125 0.21484375 0.23984375
2 0.76015625 0.6375 0.03671875 0.1015625
2 0.65234375 0.571875 0.12578125 0.16171875
2 0.67734375 0.68828125 0.109375 0.13203125
0 0.4984375 0.3296875 0.996875 0.65859375
2 0.3640625 0.6078125 0.059375 0.1015625
2 0.475 0.66171875 0.17578125 0.209375
2 0.0234375 0.6765625 0.04609375 0.27578125