2 0.946875 0.690625 0.103125 0.2390625
2 0.63671875 0.66796875 0.1703125 0.21953125
2 0.18046875 0.6765625 0.18515625 0.27109375
3 0.6453125 0.4515625 0.0734375 0.2046875
3 0.75859375 0.52578125 0.1703125 0.55390625
3 0.86796875 0.5390625 0.08984375 0.46796875
3 0.540625 0.4625 0.06171875 0.35859375
3 0.48515625 0.3375 0.053125 0.1734375
3 0.50859375 0.284375 0.03359375 0.08515625
3 0.45390625 0.26328125 0.03828125 0.05859375
3 0.44609375 0.53515625 0.125 0.44609375
3 0.4109375 0.28671875 0.03515625 0.065625
3 0.36640625 0.2890625 0.046875 0.07578125
3 0.34453125 0.52421875 0.08828125 0.42890625
3 0.3171875 0.26484375 0.04140625 0.07109375
3 0.2765625 0.29296875 0.05 0.06328125
3 0.22734375 0.41796875 0.1015625 0.334375