2 0.421875 0.68046875 0.2875 0.63515625
3 0.93984375 0.2546875 0.11875 0.45234375
3 0.82109375 0.2296875 0.103125 0.36171875
3 0.7640625 0.23671875 0.04921875 0.2125
3 0.73046875 0.2046875 0.04765625 0.1625
3 0.6921875 0.165625 0.07578125 0.1921875
3 0.63828125 0.21640625 0.121875 0.19609375
3 0.53828125 0.2046875 0.10859375 0.15234375
3 0.31640625 0.2703125 0.20859375 0.1421875
3 0.44921875 0.240625 0.06953125 0.1203125
3 0.153125 0.26953125 0.08984375 0.2109375
3 0.2515625 0.23984375 0.05546875 0.128125