3 0.08046875 0.30546875 0.1609375 0.4984375
3 0.0390625 0.0203125 0.05859375 0.040625
3 0.11328125 0.21328125 0.10625 0.3984375
3 0.1875 0.240625 0.1625 0.45625
3 0.32109375 0.278125 0.15234375 0.55625
3 0.39765625 0.05859375 0.0765625 0.1140625
3 0.46015625 0.07734375 0.06015625 0.0640625
3 0.52109375 0.30078125 0.1625 0.5765625
3 0.62265625 0.32265625 0.184375 0.5859375
3 0.77578125 0.1453125 0.12265625 0.21171875
3 0.85078125 0.503125 0.2828125 0.990625
3 0.93671875 0.68515625 0.12265625 0.5921875
2 0.33515625 0.7828125 0.6703125 0.43125