2 0.51484375 0.6390625 0.11015625 0.290625
2 0.35234375 0.5515625 0.13203125 0.24609375
2 0.428125 0.54296875 0.0578125 0.18046875
2 0.38046875 0.659375 0.153125 0.31015625
2 0.20234375 0.6390625 0.1703125 0.29453125
2 0.15078125 0.57109375 0.1671875 0.271875
3 0.490625 0.2703125 0.03125 0.16640625
3 0.5671875 0.45859375 0.08671875 0.4703125
3 0.615625 0.5296875 0.1296875 0.6078125
3 0.73984375 0.28515625 0.05234375 0.21796875
3 0.8078125 0.42265625 0.08125 0.50078125
3 0.89921875 0.4765625 0.090625 0.64609375
3 0.946875 0.5421875 0.1046875 0.6984375