2 0.44609375 0.7546875 0.31953125 0.48203125
3 0.6109375 0.1046875 0.03046875 0.07265625
3 0.6515625 0.0953125 0.0234375 0.06328125
3 0.678125 0.1 0.03046875 0.07265625
3 0.734375 0.09765625 0.0203125 0.06796875
3 0.8078125 0.08828125 0.0265625 0.059375
3 0.065625 0.359375 0.13125 0.71796875
3 0.3 0.7046875 0.39765625 0.53671875
0 0.44921875 0.234375 0.178125 0.459375
0 0.4734375 0.33671875 0.18515625 0.32734375
0 0.63828125 0.34296875 0.33984375 0.2953125
0 0.7421875 0.6453125 0.31953125 0.52734375