2 0.52109375 0.7796875 0.25 0.434375
3 0.896875 0.434375 0.20234375 0.8640625
3 0.8171875 0.325 0.09765625 0.415625
3 0.6109375 0.24921875 0.10234375 0.434375
3 0.58125 0.58125 0.21015625 0.37890625
3 0.24296875 0.57578125 0.28984375 0.4265625
3 0.065625 0.325 0.13125 0.475
3 0.20078125 0.25234375 0.15 0.48828125
3 0.3328125 0.29453125 0.13828125 0.46171875
3 0.29765625 0.14921875 0.0640625 0.25625
3 0.4109375 0.30390625 0.078125 0.415625
3 0.40703125 0.07734375 0.03828125 0.075
3 0.47890625 0.2703125 0.14609375 0.5203125
3 0.52578125 0.128125 0.04765625 0.11171875