3 0.04765625 0.35078125 0.0640625 0.2828125
3 0.11875 0.34140625 0.06171875 0.23125
3 0.1703125 0.25 0.04375 0.09765625
3 0.2109375 0.2796875 0.078125 0.1578125
3 0.36328125 0.19453125 0.09765625 0.1984375
3 0.48984375 0.2171875 0.11171875 0.23359375
3 0.56015625 0.2921875 0.0359375 0.07890625
3 0.61171875 0.2890625 0.071875 0.14375
3 0.67265625 0.22421875 0.0421875 0.06796875
3 0.76328125 0.20234375 0.165625 0.39375
3 0.753125 0.59765625 0.39375 0.52734375
3 0.4921875 0.46640625 0.22421875 0.31796875
3 0.28203125 0.2625 0.128125 0.16015625
3 0.23203125 0.575 0.315625 0.51875
2 0.5078125 0.71171875 0.271875 0.31484375