3 0.92109375 0.0625 0.153125 0.125
3 0.82421875 0.36015625 0.346875 0.3703125
3 0.7109375 0.65390625 0.4 0.2015625
3 0.66640625 0.3953125 0.40859375 0.28671875
3 0.80546875 0.125 0.09140625 0.08359375
3 0.6953125 0.15546875 0.0890625 0.16796875
3 0.6640625 0.1453125 0.07109375 0.0796875
3 0.61015625 0.1421875 0.0734375 0.06171875
3 0.5765625 0.1671875 0.10859375 0.075
3 0.503125 0.28359375 0.14921875 0.3703125
3 0.3640625 0.13984375 0.0890625 0.096875
3 0.32109375 0.33359375 0.2109375 0.4765625
3 0.12578125 0.1546875 0.17109375 0.11015625
3 0.1796875 0.540625 0.359375 0.634375
3 0.05703125 0.121875 0.11328125 0.23984375
2 0.44921875 0.7125 0.3640625 0.3046875