2 0.02578125 0.23359375 0.03984375 0.15546875
2 0.07265625 0.21484375 0.0296875 0.09140625
2 0.1 0.22890625 0.03984375 0.07265625
2 0.12421875 0.36328125 0.07578125 0.1203125
2 0.15625 0.24921875 0.04375 0.096875
2 0.2203125 0.28125 0.071875 0.14453125
2 0.26328125 0.403125 0.06171875 0.06171875
2 0.221875 0.41953125 0.0359375 0.03984375
2 0.259375 0.52109375 0.1140625 0.153125
2 0.38125 0.528125 0.134375 0.16640625
2 0.54375 0.47578125 0.15625 0.23359375
2 0.7 0.765625 0.215625 0.34609375
2 0.74375 0.634375 0.08828125 0.11015625
0 0.4890625 0.46015625 0.9703125 0.9140625