3 0.08359375 0.565625 0.16640625 0.56328125
3 0.05703125 0.2453125 0.11328125 0.05703125
3 0.21171875 0.4421875 0.13671875 0.5375
3 0.2703125 0.13671875 0.1265625 0.07265625
3 0.371875 0.23671875 0.1296875 0.26640625
3 0.321875 0.05390625 0.1703125 0.0984375
3 0.578125 0.25078125 0.23671875 0.48046875
3 0.7 0.0765625 0.16015625 0.14765625
3 0.81796875 0.1734375 0.196875 0.103125
3 0.921875 0.059375 0.15 0.11875
3 0.953125 0.165625 0.08671875 0.09296875
3 0.921875 0.29609375 0.14296875 0.15234375
3 0.91640625 0.4046875 0.16015625 0.14765625
3 0.83359375 0.70390625 0.1 0.446875
3 0.91171875 0.725 0.1703125 0.53515625
3 0.7703125 0.4546875 0.2265625 0.4703125
3 0.4515625 0.74453125 0.203125 0.50625
3 0.3453125 0.634375 0.16328125 0.52421875
2 0.6203125 0.70390625 0.2265625 0.40546875