2 0.14375 0.74921875 0.28125 0.2046875
3 0.171875 0.37890625 0.0859375 0.4140625
3 0.26171875 0.38125 0.09296875 0.4375
3 0.3625 0.3953125 0.06953125 0.390625
3 0.39921875 0.24453125 0.0296875 0.06015625
3 0.45234375 0.40703125 0.0828125 0.48828125
3 0.56328125 0.41640625 0.09296875 0.46015625
3 0.634375 0.4046875 0.10234375 0.50234375
3 0.73046875 0.46015625 0.07578125 0.47421875
3 0.78828125 0.4765625 0.1125 0.609375
3 0.92578125 0.5328125 0.12890625 0.91640625
3 0.8890625 0.5625 0.09609375 0.54921875