2 0.315625 0.646875 0.44609375 0.55625
2 0.7328125 0.759375 0.51171875 0.31015625
3 0.9671875 0.165625 0.0578125 0.33125
3 0.83828125 0.10390625 0.1359375 0.2078125
3 0.66640625 0.0859375 0.12421875 0.17109375
3 0.4921875 0.2109375 0.1625 0.421875
3 0.39375 0.36640625 0.1203125 0.7328125
3 0.2671875 0.278125 0.2328125 0.50234375
3 0.32734375 0.2515625 0.1203125 0.50234375
3 0.1859375 0.0671875 0.07734375 0.12265625
3 0.26171875 0.03203125 0.065625 0.0640625
3 0.0734375 0.4359375 0.146875 0.871875