3 0.86796875 0.25 0.0796875 0.25
3 0.93046875 0.325 0.0765625 0.175
3 0.7984375 0.496875 0.19375 0.41875
3 0.74296875 0.19375 0.1015625 0.2125
3 0.5875 0.321875 0.0890625 0.25625
3 0.4953125 0.284375 0.06953125 0.34375
3 0.3984375 0.446875 0.0921875 0.69375
3 0.33671875 0.159375 0.05078125 0.11875
3 0.303125 0.54375 0.1046875 0.5625
3 0.3 0.184375 0.04765625 0.13125
3 0.23359375 0.28125 0.1171875 0.4125
3 0.06015625 0.290625 0.05078125 0.16875
3 0.584375 0.540625 0.0828125 0.16875
3 0.4765625 0.6375 0.1203125 0.3625
2 0.6125 0.75 0.190625 0.3125