0 0.49921875 0.49296875 0.9953125 0.9734375
2 0.521875 0.77421875 0.21640625 0.11875
2 0.64921875 0.75546875 0.09140625 0.1515625
2 0.77421875 0.7375 0.171875 0.08046875
2 0.70546875 0.671875 0.1015625 0.10390625
2 0.78203125 0.6734375 0.08671875 0.07734375
2 0.83515625 0.6234375 0.103125 0.0953125
2 0.36015625 0.709375 0.11015625 0.0953125
2 0.24921875 0.81328125 0.128125 0.16640625
2 0.1359375 0.7359375 0.16796875 0.1125
2 0.1 0.63828125 0.11328125 0.125
2 0.24140625 0.6125 0.13984375 0.0625
2 0.2671875 0.675 0.11796875 0.06796875
2 0.3859375 0.621875 0.121875 0.0625
2 0.47265625 0.65703125 0.13515625 0.09765625
2 0.57734375 0.6828125 0.11171875 0.0953125
2 0.603125 0.59375 0.11015625 0.10703125