3 0.090625 0.36796875 0.15390625 0.7359375
3 0.14375 0.1109375 0.0640625 0.21640625
3 0.2140625 0.3109375 0.13203125 0.609375
3 0.31328125 0.26875 0.078125 0.39375
3 0.39375 0.271875 0.0640625 0.51953125
3 0.43203125 0.08828125 0.05234375 0.1234375
3 0.35703125 0.09140625 0.03828125 0.08125
3 0.6140625 0.1890625 0.071875 0.29453125
3 0.67109375 0.12578125 0.05390625 0.09609375
3 0.696875 0.2765625 0.0859375 0.48671875
3 0.92265625 0.2734375 0.078125 0.37265625
3 0.97421875 0.40390625 0.04765625 0.52578125
3 0.971875 0.8125 0.05234375 0.33359375
3 0.55234375 0.40078125 0.14375 0.1890625
2 0.58515625 0.59765625 0.40234375 0.25234375