3 0.9625 0.3734375 0.0453125 0.15390625
3 0.96796875 0.634375 0.05703125 0.09375
3 0.971875 0.52734375 0.04921875 0.12109375
3 0.9125 0.5140625 0.090625 0.478125
3 0.84453125 0.475 0.07578125 0.5546875
3 0.88046875 0.82421875 0.23125 0.340625
3 0.7421875 0.44765625 0.08359375 0.29140625
3 0.6890625 0.39296875 0.0609375 0.225
3 0.596875 0.48046875 0.05703125 0.45625
3 0.54140625 0.42890625 0.0609375 0.3296875
3 0.45078125 0.40078125 0.0609375 0.253125
3 0.38671875 0.29140625 0.053125 0.13203125
3 0.36328125 0.4453125 0.090625 0.41796875
3 0.275 0.38203125 0.20859375 0.54375
3 0.07421875 0.3078125 0.0796875 0.18671875
3 0.01484375 0.265625 0.0296875 0.115625
3 0.0359375 0.5 0.071875 0.3734375
3 0.17421875 0.64296875 0.31796875 0.703125
2 0.45234375 0.77734375 0.24609375 0.29140625