3 0.17109375 0.19921875 0.1484375 0.3984375
3 0.35625 0.24609375 0.09609375 0.46875
3 0.43828125 0.18125 0.04765625 0.22734375
3 0.50625 0.153125 0.06015625 0.1546875
3 0.55390625 0.15 0.04375 0.10390625
3 0.61484375 0.1796875 0.05 0.16875
3 0.66171875 0.109375 0.06015625 0.2078125
3 0.7078125 0.05234375 0.03203125 0.059375
3 0.7203125 0.11640625 0.03203125 0.0703125
3 0.759375 0.07734375 0.04609375 0.059375
3 0.83203125 0.04921875 0.05234375 0.0984375
3 0.89375 0.10390625 0.04375 0.07890625
3 0.059375 0.09296875 0.0421875 0.0671875
2 0.47734375 0.67109375 0.54609375 0.33671875