3 0.15390625 0.47421875 0.30390625 0.93125
3 0.60625 0.20390625 0.0921875 0.16171875
3 0.68984375 0.16328125 0.09609375 0.21875
3 0.77578125 0.23671875 0.11171875 0.3890625
3 0.85390625 0.2078125 0.10390625 0.3984375
3 0.9421875 0.178125 0.03984375 0.1703125
3 0.97109375 0.29453125 0.05390625 0.428125
2 0.759375 0.6734375 0.278125 0.62265625
3 0.68203125 0.3171875 0.13203125 0.11953125
2 0.60234375 0.4265625 0.10390625 0.1765625
2 0.5390625 0.4921875 0.18984375 0.2546875
2 0.4609375 0.59609375 0.21796875 0.365625