2 0.5046875 0.7109375 0.28515625 0.290625
2 0.26484375 0.57734375 0.2 0.25625
2 0.4875 0.4890625 0.11484375 0.12421875
3 0.9203125 0.309375 0.11015625 0.38515625
3 0.59765625 0.1546875 0.0546875 0.10546875
3 0.57890625 0.23984375 0.0421875 0.109375
3 0.52890625 0.290625 0.07734375 0.24921875
3 0.4296875 0.29453125 0.0953125 0.24140625
3 0.3015625 0.2890625 0.07265625 0.2078125
3 0.07734375 0.3921875 0.15 0.55078125
3 0.68984375 0.42265625 0.06484375 0.16640625
3 0.6578125 0.36953125 0.025 0.06796875
3 0.75625 0.40390625 0.0875 0.18125
3 0.36875 0.44140625 0.0921875 0.2109375
3 0.25234375 0.49453125 0.125 0.20390625
2 0.61875 0.48671875 0.1078125 0.11328125