2 0.2671875 0.42109375 0.29609375 0.2265625
2 0.734375 0.51796875 0.5234375 0.36640625
2 0.5921875 0.7671875 0.809375 0.44765625
3 0.809375 0.48671875 0.37421875 0.8640625
3 0.5015625 0.2828125 0.16640625 0.3125
3 0.0921875 0.15390625 0.115625 0.2984375
3 0.178125 0.1671875 0.1125 0.334375
3 0.24140625 0.12890625 0.08125 0.1671875
3 0.3046875 0.05 0.07109375 0.09921875
3 0.5609375 0.1265625 0.040625 0.253125
3 0.653125 0.196875 0.1359375 0.39375
3 0.91875 0.09765625 0.15 0.18515625
3 0.2265625 0.52265625 0.4453125 0.9453125
3 0.784375 0.05 0.12578125 0.09921875