3 0.01484375 0.46875 0.02578125 0.62578125
3 0.0421875 0.23515625 0.04375 0.12265625
3 0.07890625 0.50859375 0.0859375 0.68828125
3 0.121875 0.2078125 0.04375 0.1046875
3 0.1578125 0.428125 0.04765625 0.49140625
3 0.2171875 0.5 0.065625 0.646875
3 0.24609375 0.2421875 0.0359375 0.1078125
3 0.2953125 0.5 0.08203125 0.70625
3 0.33515625 0.23515625 0.04609375 0.12265625
3 0.37421875 0.24140625 0.06015625 0.11640625
3 0.42578125 0.47890625 0.1078125 0.58046875
3 0.45 0.22890625 0.03203125 0.11640625
3 0.4796875 0.221875 0.03984375 0.13203125
3 0.53125 0.4640625 0.10625 0.6046875
3 0.5671875 0.2421875 0.034375 0.1015625
3 0.603125 0.2546875 0.0421875 0.11953125
3 0.63828125 0.2453125 0.0359375 0.08359375
3 0.6703125 0.48828125 0.0921875 0.6703125
3 0.7109375 0.23046875 0.034375 0.13203125
3 0.73515625 0.221875 0.021875 0.071875
3 0.74921875 0.23828125 0.02578125 0.08671875
3 0.77265625 0.221875 0.0296875 0.1140625
3 0.81484375 0.5 0.11796875 0.69453125
3 0.85390625 0.221875 0.04375 0.1140625
3 0.88828125 0.221875 0.028125 0.08359375
3 0.928125 0.4734375 0.09609375 0.6828125
3 0.975 0.23515625 0.04609375 0.1046875
2 0.5453125 0.79765625 0.35 0.1765625