2 0.89765625 0.58984375 0.2015625 0.11484375
2 0.8890625 0.653125 0.21796875 0.1421875
2 0.8328125 0.70078125 0.2765625 0.215625
2 0.678125 0.7515625 0.27265625 0.2296875
2 0.5578125 0.81796875 0.37109375 0.3140625
2 0.40546875 0.8609375 0.35625 0.2734375
2 0.17578125 0.88125 0.34375 0.23203125
2 0.0734375 0.715625 0.146875 0.196875
2 0.1828125 0.696875 0.13984375 0.19140625
2 0.265625 0.68828125 0.1421875 0.21328125
2 0.3625 0.63515625 0.1796875 0.16640625
2 0.44453125 0.59140625 0.17265625 0.13359375
2 0.53828125 0.5765625 0.15234375 0.10390625
2 0.59453125 0.54375 0.1203125 0.07109375
2 0.6390625 0.53125 0.19453125 0.11171875
2 0.71875 0.51640625 0.13984375 0.109375
2 0.759375 0.50390625 0.13671875 0.0953125
2 0.79609375 0.49296875 0.12734375 0.0953125
2 0.084375 0.5546875 0.1578125 0.1203125
2 0.18359375 0.5421875 0.16015625 0.10078125
2 0.2625 0.51328125 0.13984375 0.10390625
2 0.3328125 0.50546875 0.1234375 0.08203125
2 0.38203125 0.4875 0.1453125 0.08984375
2 0.4125 0.45625 0.0765625 0.07109375
2 0.55625 0.45625 0.06171875 0.03828125
2 0.56171875 0.434375 0.0796875 0.0546875
2 0.57578125 0.415625 0.09296875 0.07109375
2 0.609375 0.4125 0.065625 0.06015625
2 0.6234375 0.40703125 0.065625 0.02734375
2 0.66171875 0.4046875 0.01796875 0.021875
0 0.49921875 0.3359375 0.9984375 0.39375