2 0.89296875 0.6421875 0.184375 0.2484375
3 0.8109375 0.5265625 0.1359375 0.48046875
3 0.65390625 0.4578125 0.0625 0.2
3 0.590625 0.54921875 0.096875 0.49453125
3 0.56875 0.31484375 0.0375 0.06953125
3 0.53046875 0.4890625 0.04921875 0.3890625
3 0.490625 0.28203125 0.04140625 0.09140625
3 0.46953125 0.52109375 0.0859375 0.48203125
3 0.40078125 0.53671875 0.065625 0.46015625
3 0.4125 0.303125 0.0421875 0.09609375
3 0.33515625 0.46796875 0.0640625 0.46328125
3 0.26953125 0.55234375 0.11171875 0.45546875
3 0.27734375 0.321875 0.05 0.05546875
3 0.25546875 0.2890625 0.05078125 0.07421875
3 0.19453125 0.48046875 0.07421875 0.46328125
3 0.1171875 0.521875 0.10625 0.52734375
2 0.178125 0.69296875 0.20078125 0.2109375