3 0.02421875 0.04609375 0.04375 0.08046875
3 0.09609375 0.03125 0.05234375 0.05078125
3 0.084375 0.1734375 0.10390625 0.1734375
3 0.0359375 0.30390625 0.071875 0.26640625
3 0.0296875 0.58203125 0.04765625 0.2421875
3 0.18203125 0.26953125 0.1078125 0.26328125
3 0.2609375 0.09140625 0.0703125 0.16484375
3 0.3109375 0.2546875 0.0578125 0.071875
3 0.22890625 0.20234375 0.05 0.04453125
3 0.184375 0.06171875 0.0921875 0.0984375
3 0.50234375 0.27265625 0.04375 0.078125
3 0.60234375 0.3609375 0.1359375 0.3140625
3 0.71015625 0.37890625 0.115625 0.2484375
3 0.80078125 0.30859375 0.0703125 0.29921875
3 0.8890625 0.4953125 0.12578125 0.6734375
3 0.94296875 0.23203125 0.10625 0.2125
2 0.75 0.77109375 0.315625 0.2125
2 0.4609375 0.68125 0.38984375 0.428125
3 0.1890625 0.6453125 0.29765625 0.44609375