2 0.55546875 0.71953125 0.2125 0.28984375
3 0.0859375 0.228125 0.0640625 0.0953125
3 0.128125 0.26015625 0.03359375 0.05859375
3 0.22109375 0.29375 0.07734375 0.253125
3 0.353125 0.6015625 0.3078125 0.67890625
3 0.559375 0.278125 0.04375 0.13125
3 0.63671875 0.3484375 0.05078125 0.23515625
3 0.67734375 0.42734375 0.11171875 0.44765625
3 0.76328125 0.28046875 0.04765625 0.1359375
3 0.809375 0.28515625 0.04375 0.1265625
3 0.871875 0.36171875 0.07421875 0.28984375
3 0.9765625 0.278125 0.040625 0.14921875