2 0.40703125 0.84140625 0.3625 0.2375
3 0.67734375 0.67578125 0.3203125 0.3859375
3 0.19296875 0.74453125 0.3859375 0.50546875
3 0.0375 0.30703125 0.07421875 0.52265625
3 0.03984375 0.1671875 0.05703125 0.08828125
3 0.165625 0.29140625 0.17109375 0.43984375
3 0.3359375 0.14296875 0.06015625 0.07421875
3 0.37578125 0.35546875 0.19140625 0.5625
3 0.49140625 0.35 0.0796875 0.4140625
3 0.62578125 0.2984375 0.21171875 0.39140625
3 0.5625 0.0875 0.0796875 0.065625
3 0.734375 0.22578125 0.103125 0.25703125
3 0.83828125 0.34140625 0.13984375 0.4484375
3 0.9375 0.32265625 0.10859375 0.4171875