2 0.6421875 0.75859375 0.16328125 0.4109375
3 0.7265625 0.4234375 0.07421875 0.49609375
3 0.8921875 0.54609375 0.1515625 0.8140625
3 0.7984375 0.2984375 0.06484375 0.375
3 0.6515625 0.3390625 0.05625 0.4140625
3 0.56875 0.3859375 0.1046875 0.65703125
3 0.49765625 0.3359375 0.05234375 0.4140625
3 0.38828125 0.1359375 0.0625 0.1140625
3 0.3609375 0.53203125 0.2296875 0.92890625
3 0.16328125 0.44453125 0.096875 0.58203125
3 0.10078125 0.48359375 0.06015625 0.74609375
3 0.02890625 0.52578125 0.0578125 0.8828125