2 0.43671875 0.65859375 0.35390625 0.3296875
3 0.0453125 0.421875 0.0703125 0.37109375
3 0.11015625 0.40234375 0.08828125 0.35625
3 0.153125 0.3859375 0.05 0.23984375
3 0.196875 0.4234375 0.034375 0.15234375
3 0.26875 0.29921875 0.10625 0.23359375
3 0.36796875 0.29375 0.0796875 0.16171875
3 0.5203125 0.2484375 0.21171875 0.2578125
3 0.69375 0.2890625 0.08828125 0.1703125
3 0.7640625 0.221875 0.04765625 0.09609375
3 0.79375 0.396875 0.1 0.3921875
3 0.8953125 0.41484375 0.07421875 0.428125
3 0.95234375 0.4234375 0.0921875 0.63203125
3 0.6203125 0.6109375 0.24765625 0.47890625
3 0.4703125 0.503125 0.12421875 0.209375
3 0.36796875 0.44921875 0.09609375 0.16171875
3 0.19765625 0.7171875 0.23203125 0.56015625
3 0.24375 0.44296875 0.06796875 0.16171875