2 0.07734375 0.85703125 0.15390625 0.26328125
2 0.275 0.8609375 0.28359375 0.271875
3 0.01875 0.49453125 0.0375 0.40546875
3 0.11328125 0.52265625 0.05703125 0.3828125
3 0.16640625 0.41484375 0.06015625 0.2234375
3 0.25390625 0.49296875 0.09921875 0.4421875
3 0.25390625 0.7546875 0.10625 0.484375
3 0.3640625 0.7125 0.17890625 0.56953125
3 0.52890625 0.73203125 0.221875 0.5296875
3 0.3625 0.35859375 0.06953125 0.20703125
3 0.40859375 0.38125 0.06953125 0.23515625
3 0.5140625 0.35 0.12734375 0.2296875
3 0.63828125 0.49609375 0.05703125 0.11328125
3 0.69296875 0.70703125 0.14921875 0.58046875
3 0.840625 0.68828125 0.15625 0.6171875
3 0.73515625 0.33984375 0.06171875 0.153125
3 0.8015625 0.35234375 0.08125 0.26875
3 0.909375 0.43515625 0.09609375 0.365625