2 0.48671875 0.63203125 0.15390625 0.1296875
3 0.81328125 0.56328125 0.084375 0.353125
3 0.98046875 0.65859375 0.0359375 0.4234375
3 0.971875 0.425 0.05234375 0.18984375
3 0.75078125 0.38515625 0.0671875 0.303125
3 0.51015625 0.2953125 0.05078125 0.103125
3 0.59921875 0.53203125 0.06328125 0.3234375
3 0.55546875 0.3703125 0.0359375 0.0734375
3 0.5140625 0.46796875 0.05078125 0.203125
3 0.5484375 0.4734375 0.0296875 0.146875
3 0.36796875 0.61328125 0.0765625 0.3796875
3 0.35234375 0.425 0.0453125 0.15
3 0.3 0.5203125 0.05625 0.346875