3 0.07109375 0.49375 0.1421875 0.9875
3 0.9640625 0.496875 0.06796875 0.98828125
3 0.91796875 0.2015625 0.1 0.378125
3 0.79296875 0.36015625 0.1296875 0.71484375
3 0.69609375 0.31796875 0.09609375 0.51640625
3 0.60703125 0.3171875 0.134375 0.453125
3 0.4671875 0.28515625 0.17421875 0.40859375
3 0.4640625 0.06171875 0.05234375 0.10546875
3 0.33515625 0.1625 0.0578125 0.08984375
3 0.32578125 0.2609375 0.12421875 0.2703125
3 0.23515625 0.16640625 0.04609375 0.1234375
3 0.25234375 0.159375 0.0203125 0.06640625
3 0.175 0.2671875 0.134375 0.1625
3 0.14921875 0.14296875 0.0703125 0.1109375
2 0.1703125 0.52109375 0.16015625 0.33359375
2 0.2171875 0.56015625 0.2703125 0.36328125
2 0.49921875 0.73125 0.29375 0.52578125
2 0.3953125 0.55546875 0.05390625 0.071875
2 0.2671875 0.66328125 0.3578125 0.48671875