3 0.81640625 0.45546875 0.09921875 0.40390625
3 0.48125 0.59765625 0.10703125 0.278125
3 0.35703125 0.53359375 0.09765625 0.18984375
3 0.38671875 0.76484375 0.11875 0.41640625
3 0.17109375 0.60234375 0.12109375 0.28828125
3 0.128125 0.41015625 0.065625 0.175
3 0.1984375 0.42734375 0.08203125 0.2390625
3 0.253125 0.36953125 0.0703125 0.2515625
3 0.3046875 0.28671875 0.06875 0.22421875
3 0.06171875 0.41640625 0.090625 0.290625
3 0.09296875 0.29453125 0.05546875 0.1453125
3 0.49609375 0.315625 0.05546875 0.20234375
3 0.57109375 0.10703125 0.025 0.15546875
3 0.59609375 0.08515625 0.03828125 0.12578125
3 0.67421875 0.028125 0.0265625 0.05625
3 0.71640625 0.03046875 0.0296875 0.0609375
3 0.53515625 0.07890625 0.03046875 0.11328125
3 0.50390625 0.12421875 0.025 0.15
3 0.4765625 0.115625 0.040625 0.1671875
3 0.5 0.021875 0.03046875 0.0390625
3 0.3296875 0.0640625 0.09921875 0.128125
2 0.6671875 0.46171875 0.1625 0.12578125