0 0.478125 0.94375 0.94453125 0.1078125
2 0.07421875 0.5171875 0.14765625 0.11953125
2 0.07734375 0.63359375 0.1546875 0.1328125
2 0.175 0.63671875 0.2953125 0.3296875
2 0.50859375 0.54921875 0.325 0.37421875
2 0.5125 0.51171875 0.0859375 0.103125
2 0.25859375 0.43203125 0.03359375 0.046875
2 0.2734375 0.47578125 0.02578125 0.04453125
2 0.7609375 0.440625 0.06328125 0.07265625
2 0.87578125 0.47109375 0.1890625 0.11484375
2 0.83125 0.3625 0.06328125 0.0609375
2 0.90078125 0.38046875 0.1 0.0609375
2 0.91640625 0.31796875 0.06640625 0.0421875
2 0.85 0.66953125 0.29375 0.3296875
2 0.91640625 0.77890625 0.16484375 0.259375