2 0.653125 0.58984375 0.49296875 0.159375
3 0.91796875 0.509375 0.15703125 0.28671875
3 0.6953125 0.4421875 0.26328125 0.1671875
3 0.28671875 0.55 0.3796875 0.375
3 0.225 0.39296875 0.18359375 0.1140625
3 0.103125 0.41328125 0.20625 0.3578125
3 0.33671875 0.2328125 0.11328125 0.1875
3 0.03515625 0.20859375 0.06328125 0.0484375
3 0.46484375 0.23359375 0.1234375 0.18984375
3 0.63515625 0.2578125 0.11640625 0.17421875
3 0.775 0.25078125 0.11640625 0.19296875
3 0.9546875 0.23359375 0.08359375 0.17109375