3 0.0734375 0.3125 0.04921875 0.2484375
3 0.109375 0.3078125 0.04921875 0.2484375
3 0.19609375 0.32421875 0.0390625 0.159375
3 0.2890625 0.321875 0.0421875 0.1640625
2 0.83828125 0.39453125 0.22578125 0.1875
2 0.8890625 0.64765625 0.215625 0.28203125
2 0.72890625 0.38515625 0.078125 0.196875
2 0.56171875 0.5140625 0.30078125 0.2109375
2 0.50625 0.46484375 0.1109375 0.121875
2 0.4671875 0.38984375 0.12421875 0.1125
2 0.33828125 0.46015625 0.15390625 0.13125
2 0.1390625 0.509375 0.278125 0.1828125