3 0.1 0.0875 0.2 0.175
3 0.2 0.0359375 0.13359375 0.071875
3 0.34609375 0.08515625 0.15 0.1703125
3 0.46015625 0.1515625 0.24609375 0.303125
3 0.66484375 0.10390625 0.20390625 0.1984375
3 0.80625 0.06796875 0.05390625 0.0515625
3 0.90625 0.040625 0.1375 0.071875
3 0.81640625 0.43125 0.35859375 0.6203125
3 0.70859375 0.3859375 0.175 0.24453125
3 0.49140625 0.42578125 0.25 0.28671875
3 0.27265625 0.42890625 0.4625 0.275
3 0.12109375 0.509375 0.24140625 0.6828125
2 0.56875 0.7578125 0.52109375 0.3359375