2 0.5765625 0.7375 0.56796875 0.34453125
3 0.2953125 0.5046875 0.240625 0.5203125
3 0.1328125 0.60703125 0.22890625 0.56171875
3 0.034375 0.38515625 0.06796875 0.21171875
3 0.04140625 0.196875 0.0765625 0.39296875
3 0.17109375 0.20234375 0.16328125 0.40390625
3 0.328125 0.2265625 0.16640625 0.453125
3 0.58125 0.1796875 0.13515625 0.35859375
3 0.70859375 0.17421875 0.1078125 0.34765625
3 0.81171875 0.23828125 0.17578125 0.4765625
3 0.9046875 0.2546875 0.14609375 0.509375
3 0.965625 0.2796875 0.065625 0.559375