3 0.91328125 0.29609375 0.10390625 0.190625
3 0.97265625 0.26015625 0.04609375 0.14921875
3 0.78359375 0.3015625 0.1078125 0.25234375
3 0.7125 0.21640625 0.05 0.1234375
3 0.67734375 0.1984375 0.0578125 0.09765625
3 0.621875 0.35546875 0.146875 0.42265625
3 0.5328125 0.29375 0.07734375 0.2578125
3 0.48046875 0.18046875 0.0421875 0.11328125
3 0.42890625 0.265625 0.1234375 0.221875
3 0.35546875 0.1671875 0.07734375 0.10859375
3 0.303125 0.425 0.096875 0.45859375
3 0.28359375 0.16484375 0.065625 0.11328125
3 0.221875 0.14921875 0.034375 0.103125
3 0.1796875 0.384375 0.11953125 0.64453125
3 0.0734375 0.3734375 0.1 0.53125
3 0.015625 0.365625 0.03125 0.50546875
3 0.434375 0.5125 0.28203125 0.3140625
2 0.409375 0.82734375 0.57109375 0.3140625