3 0.90703125 0.53359375 0.0609375 0.24375
3 0.83046875 0.51328125 0.0765625 0.2203125
3 0.70234375 0.55234375 0.1234375 0.31015625
3 0.634375 0.425 0.07265625 0.06640625
3 0.6078125 0.484375 0.0609375 0.1046875
3 0.58984375 0.63203125 0.109375 0.35390625
3 0.42890625 0.66953125 0.1109375 0.36484375
3 0.18359375 0.63359375 0.096875 0.484375
3 0.3921875 0.4546875 0.06484375 0.16796875
3 0.44609375 0.4359375 0.05234375 0.13046875
3 0.3875 0.3453125 0.03671875 0.0984375
3 0.4890625 0.41015625 0.04453125 0.084375
3 0.4390625 0.36640625 0.04609375 0.04375
3 0.4234375 0.678125 0.11484375 0.41171875
2 0.4859375 0.75234375 0.1921875 0.28125