2 0.5265625 0.603125 0.41875 0.09375
3 0.178125 0.546875 0.353125 0.725
3 0.27734375 0.32890625 0.1140625 0.1484375
3 0.315625 0.48984375 0.12734375 0.1671875
3 0.396875 0.36875 0.0859375 0.209375
3 0.465625 0.359375 0.1 0.20625
3 0.5765625 0.29765625 0.0359375 0.0890625
3 0.62578125 0.4046875 0.1140625 0.35625
3 0.67734375 0.384375 0.065625 0.290625
3 0.7296875 0.3703125 0.03125 0.215625
3 0.7703125 0.36328125 0.05546875 0.2578125
3 0.85078125 0.38515625 0.05703125 0.3453125
3 0.90078125 0.48359375 0.19453125 0.7328125