2 0.30703125 0.7796875 0.3796875 0.16640625
3 0.43125 0.11640625 0.065625 0.2328125
3 0.35078125 0.1203125 0.0625 0.23984375
3 0.25234375 0.1015625 0.05859375 0.203125
3 0.13125 0.05703125 0.046875 0.11328125
3 0.08671875 0.49140625 0.14765625 0.78984375
3 0.18046875 0.55859375 0.13046875 0.38359375
3 0.18359375 0.2703125 0.09453125 0.246875
3 0.45546875 0.63359375 0.13203125 0.69296875
3 0.5625 0.5734375 0.09609375 0.66640625
3 0.73828125 0.571875 0.115625 0.65703125
3 0.91484375 0.53828125 0.12890625 0.703125