3 0.93984375 0.50234375 0.10078125 0.70078125
3 0.8234375 0.521875 0.09453125 0.7359375
3 0.7359375 0.49375 0.0734375 0.79375
3 0.6703125 0.51015625 0.096875 0.725
3 0.6296875 0.2375 0.06640625 0.29921875
3 0.515625 0.5375 0.1 0.534375
3 0.4671875 0.3765625 0.05703125 0.35859375
3 0.49140625 0.19921875 0.05390625 0.18203125
3 0.4109375 0.42890625 0.0703125 0.68125
3 0.3609375 0.37265625 0.0609375 0.48984375
3 0.3171875 0.1734375 0.05234375 0.11015625
3 0.28828125 0.4703125 0.10859375 0.746875
3 0.1953125 0.4890625 0.10859375 0.7453125
3 0.0875 0.496875 0.09921875 0.76953125
3 0.04375 0.50625 0.0875 0.578125
2 0.396875 0.8078125 0.27578125 0.18203125