2 0.48984375 0.55625 0.19140625 0.1125
3 0.45703125 0.41640625 0.06484375 0.23359375
3 0.40859375 0.34140625 0.05390625 0.3
3 0.38203125 0.29375 0.03984375 0.24609375
3 0.35625 0.28359375 0.02890625 0.225
3 0.33125 0.36015625 0.05 0.30390625
3 0.253125 0.275 0.02734375 0.23359375
3 0.21640625 0.38984375 0.05859375 0.37109375
3 0.20703125 0.18515625 0.03984375 0.07109375
3 0.15234375 0.32109375 0.05859375 0.28359375
3 0.278125 0.29609375 0.02734375 0.24140625
3 0.678125 0.26640625 0.02734375 0.11640625