3 0.9515625 0.54609375 0.08984375 0.896875
3 0.68125 0.5140625 0.203125 0.96015625
3 0.046875 0.61796875 0.09296875 0.71875
3 0.4484375 0.34765625 0.13125 0.4421875
3 0.5 0.1984375 0.06875 0.29296875
3 0.62265625 0.11171875 0.065625 0.15546875
3 0.73984375 0.10625 0.04453125 0.178125
3 0.7796875 0.14921875 0.04140625 0.2296875
3 0.8140625 0.18671875 0.0484375 0.3046875
3 0.8703125 0.21015625 0.0796875 0.3390625
3 0.13828125 0.26171875 0.06875 0.22421875
3 0.184375 0.2328125 0.07265625 0.22421875
2 0.196875 0.70390625 0.19296875 0.0859375
3 0.44140625 0.7125 0.2203125 0.321875
2 0.3640625 0.8015625 0.4171875 0.25859375