3 0.08359375 0.81796875 0.1671875 0.3203125
3 0.1046875 0.584375 0.11953125 0.60703125
3 0.2140625 0.55625 0.11640625 0.69375
3 0.31171875 0.57421875 0.09609375 0.62734375
3 0.40234375 0.56875 0.1046875 0.60703125
3 0.496875 0.54609375 0.1015625 0.6328125
3 0.59453125 0.5484375 0.1046875 0.60703125
3 0.678125 0.53828125 0.1046875 0.5765625
3 0.77109375 0.5640625 0.09296875 0.52578125
3 0.83671875 0.5125 0.08671875 0.54609375
3 0.79453125 0.27265625 0.0328125 0.06640625
3 0.9375 0.43125 0.1140625 0.37265625
3 0.87890625 0.73203125 0.20625 0.47421875