3 0.06875 0.296875 0.08828125 0.24765625
3 0.01796875 0.628125 0.0359375 0.34375
3 0.18671875 0.49609375 0.221875 0.78828125
3 0.31640625 0.41875 0.1 0.3234375
3 0.42109375 0.45078125 0.1578125 0.36875
3 0.34140625 0.17578125 0.11875 0.21796875
3 0.41796875 0.17421875 0.084375 0.11953125
3 0.46171875 0.26875 0.07578125 0.09140625
3 0.5640625 0.43203125 0.10859375 0.26328125
3 0.58828125 0.2078125 0.11875 0.23203125
3 0.659375 0.1015625 0.08125 0.11640625
3 0.6765625 0.165625 0.06875 0.11171875
3 0.7578125 0.22890625 0.078125 0.21640625
3 0.88125 0.18359375 0.1640625 0.3390625
2 0.85234375 0.5109375 0.121875 0.2078125
2 0.94609375 0.64765625 0.10546875 0.3015625
2 0.69453125 0.63359375 0.27890625 0.203125
2 0.60390625 0.70546875 0.6828125 0.3390625