3 0.0375 0.3140625 0.075 0.40234375
3 0.05390625 0.24296875 0.0921875 0.103125
3 0.20234375 0.05390625 0.06484375 0.1078125
3 0.2328125 0.1765625 0.18984375 0.3140625
3 0.3453125 0.13515625 0.075 0.23984375
3 0.425 0.52734375 0.1703125 0.9359375
3 0.58984375 0.26484375 0.1203125 0.44140625
3 0.63359375 0.103125 0.0671875 0.15703125
3 0.7140625 0.25234375 0.0875 0.37734375
3 0.7515625 0.1125 0.0625 0.1765625
3 0.81015625 0.1640625 0.0546875 0.171875
3 0.8484375 0.17890625 0.0671875 0.0640625
3 0.85390625 0.06640625 0.0578125 0.13203125
3 0.9375 0.23984375 0.1203125 0.421875
3 0.9359375 0.86015625 0.1078125 0.26953125
3 0.80390625 0.77421875 0.14765625 0.44140625
3 0.7015625 0.67890625 0.07734375 0.2796875
3 0.5984375 0.77421875 0.07734375 0.2453125
3 0.5671875 0.7890625 0.11015625 0.41171875
2 0.25 0.6890625 0.2203125 0.4953125
2 0.0875 0.875 0.175 0.23046875