2 0.63203125 0.73515625 0.390625 0.503125
3 0.259375 0.496875 0.16796875 0.77109375
3 0.440625 0.34296875 0.13203125 0.26171875
3 0.57421875 0.3609375 0.1203125 0.23828125
3 0.9703125 0.284375 0.05 0.13046875
3 0.9171875 0.30390625 0.034375 0.1109375
3 0.88203125 0.29609375 0.02734375 0.1140625
3 0.8546875 0.29765625 0.02265625 0.1109375
3 0.684375 0.27421875 0.03671875 0.078125
3 0.62734375 0.2875 0.05 0.1375
3 0.65078125 0.26640625 0.0203125 0.04921875
3 0.59765625 0.278125 0.03671875 0.078125
3 0.315625 0.2921875 0.03203125 0.09453125
3 0.52421875 0.26796875 0.0296875 0.09765625