2 0.55703125 0.79140625 0.4859375 0.33359375
3 0.015625 0.175 0.03125 0.06640625
3 0.0703125 0.39609375 0.125 0.58359375
3 0.14140625 0.38515625 0.10625 0.67890625
3 0.225 0.34609375 0.1015625 0.59140625
3 0.325 0.42734375 0.13515625 0.84609375
3 0.40546875 0.28125 0.109375 0.37109375
3 0.48984375 0.3375 0.121875 0.675
3 0.5828125 0.46875 0.3609375 0.3875
3 0.59609375 0.2 0.06484375 0.15859375
3 0.64453125 0.21015625 0.0625 0.1625
3 0.6921875 0.21640625 0.059375 0.15
3 0.74921875 0.31484375 0.090625 0.5875
3 0.87890625 0.47109375 0.18984375 0.93359375
3 0.925 0.02734375 0.04140625 0.05390625
3 0.9703125 0.01640625 0.03125 0.0328125