2 0.3859375 0.78671875 0.3125 0.19296875
3 0.62734375 0.61015625 0.1296875 0.32265625
3 0.50234375 0.58515625 0.11484375 0.31875
3 0.3515625 0.546875 0.12734375 0.33203125
3 0.20390625 0.47734375 0.10234375 0.59609375
3 0.3359375 0.26015625 0.05234375 0.3140625
3 0.2953125 0.26015625 0.0453125 0.26015625
3 0.19140625 0.10546875 0.0921875 0.175
3 0.74609375 0.55390625 0.1171875 0.81171875
3 0.8578125 0.2984375 0.08984375 0.36328125
3 0.67109375 0.29140625 0.0625 0.32265625
3 0.77109375 0.21953125 0.0421875 0.08046875