2 0.509375 0.51015625 0.08984375 0.13515625
3 0.228125 0.871875 0.084375 0.25
3 0.60625 0.66875 0.06015625 0.259375
3 0.65625 0.67890625 0.06015625 0.23828125
3 0.734375 0.72421875 0.06015625 0.24375
3 0.971875 0.740625 0.05234375 0.26484375
3 0.8703125 0.18203125 0.03203125 0.10546875
3 0.8390625 0.1765625 0.03828125 0.11171875
3 0.92734375 0.11171875 0.034375 0.10859375
3 0.93125 0.43671875 0.04609375 0.1625
3 0.8953125 0.4234375 0.0296875 0.17734375
3 0.865625 0.4265625 0.03984375 0.18359375
3 0.540625 0.45625 0.0421875 0.18359375
3 0.48828125 0.51328125 0.0359375 0.10546875