3 0.12265625 0.10625 0.1828125 0.19609375
3 0.22109375 0.0375 0.07734375 0.07421875
3 0.325 0.1375 0.10546875 0.27421875
3 0.45390625 0.1328125 0.1640625 0.2578125
3 0.61328125 0.08828125 0.11796875 0.1484375
3 0.73046875 0.075 0.04921875 0.0515625
3 0.78203125 0.0671875 0.09609375 0.08828125
3 0.93046875 0.090625 0.11484375 0.11171875
3 0.83125 0.1203125 0.33125 0.096875
3 0.78671875 0.37421875 0.42109375 0.51328125
3 0.61171875 0.3546875 0.10234375 0.13984375
3 0.521875 0.375 0.10859375 0.1609375
3 0.321875 0.4296875 0.303125 0.20859375
3 0.11796875 0.53828125 0.23515625 0.6390625
2 0.56015625 0.725 0.45859375 0.36875