3 0.11171875 0.30390625 0.1546875 0.603125
3 0.28984375 0.07109375 0.0390625 0.1421875
3 0.40625 0.21640625 0.153125 0.4328125
3 0.5515625 0.14296875 0.1328125 0.2859375
3 0.65234375 0.26171875 0.1125 0.52265625
3 0.73203125 0.28359375 0.16171875 0.55703125
3 0.86484375 0.3265625 0.190625 0.60078125
3 0.9078125 0.49765625 0.17265625 0.990625
3 0.26875 0.6296875 0.3421875 0.41640625
3 0.47734375 0.5375 0.23125 0.4015625
3 0.52109375 0.33515625 0.1109375 0.1140625
2 0.35390625 0.81328125 0.69609375 0.36796875