2 0.3078125 0.778125 0.2671875 0.25546875
3 0.8421875 0.5 0.15625 0.99375
3 0.79765625 0.34921875 0.04921875 0.34296875
3 0.7484375 0.1359375 0.0453125 0.12265625
3 0.68203125 0.48515625 0.15625 0.9453125
3 0.6328125 0.4578125 0.065625 0.78671875
3 0.5703125 0.20703125 0.05625 0.18125
3 0.559375 0.47265625 0.1578125 0.42109375
3 0.4234375 0.5375 0.22890625 0.62109375
3 0.3125 0.43046875 0.1203125 0.5828125
3 0.13671875 0.4046875 0.109375 0.65390625
3 0.11171875 0.7328125 0.15078125 0.52734375
3 0.07109375 0.509375 0.1421875 0.9609375