3 0.08671875 0.47734375 0.1515625 0.52265625
3 0.3265625 0.08359375 0.078125 0.1484375
3 0.3296875 0.465625 0.128125 0.59296875
3 0.41015625 0.31875 0.0609375 0.2375
3 0.5265625 0.21640625 0.10625 0.23046875
3 0.69921875 0.3296875 0.0671875 0.29140625
3 0.81484375 0.46796875 0.1484375 0.60703125
3 0.96171875 0.3578125 0.0734375 0.4609375
3 0.86328125 0.2609375 0.0296875 0.10390625
3 0.64453125 0.246875 0.0953125 0.23515625
3 0.6296875 0.08671875 0.034375 0.10390625
3 0.7640625 0.11328125 0.03125 0.0796875
3 0.6609375 0.1140625 0.04375 0.06328125
3 0.690625 0.0515625 0.06875 0.084375
3 0.70546875 0.12734375 0.0671875 0.0890625
3 0.79296875 0.07265625 0.0296875 0.0609375
3 0.8125 0.0796875 0.040625 0.065625
3 0.8390625 0.1109375 0.0625 0.0890625
3 0.9484375 0.109375 0.05 0.04453125
3 0.97578125 0.02265625 0.0453125 0.04453125
3 0.946875 0.07265625 0.025 0.065625
3 0.9265625 0.0703125 0.040625 0.065625
3 0.89453125 0.075 0.0328125 0.0421875
2 0.58515625 0.646875 0.4296875 0.7015625