2 0.3265625 0.84609375 0.63984375 0.3015625
2 0.546875 0.64921875 0.19140625 0.3078125
2 0.85 0.6203125 0.2375 0.2828125
2 0.77578125 0.42578125 0.20859375 0.14609375
2 0.8109375 0.33046875 0.20859375 0.06328125
2 0.74296875 0.2890625 0.14453125 0.03828125
2 0.77578125 0.25390625 0.0796875 0.05078125
2 0.6859375 0.25546875 0.1 0.06015625
2 0.6140625 0.25859375 0.0640625 0.05390625
2 0.5234375 0.35859375 0.20703125 0.05703125
2 0.4859375 0.3140625 0.1578125 0.05078125
0 0.49765625 0.4984375 0.9953125 0.996875