0 0.49375 0.45703125 0.9796875 0.9140625
2 0.1765625 0.36953125 0.13046875 0.07421875
2 0.10234375 0.415625 0.11171875 0.0828125
2 0.04140625 0.6671875 0.08203125 0.1796875
2 0.14453125 0.93046875 0.2890625 0.1359375
2 0.434375 0.83828125 0.43046875 0.32109375
2 0.49921875 0.7078125 0.4 0.3515625
2 0.5765625 0.609375 0.3765625 0.259375
2 0.21015625 0.57734375 0.0765625 0.06171875
2 0.6390625 0.496875 0.28359375 0.19921875
2 0.93359375 0.43984375 0.08359375 0.0859375
2 0.60078125 0.36875 0.0421875 0.040625
2 0.08828125 0.5296875 0.08125 0.084375