3 0.1 0.346875 0.2 0.68671875
3 0.1609375 0.1 0.10234375 0.18671875
3 0.19609375 0.046875 0.04765625 0.09296875
3 0.30859375 0.278125 0.1671875 0.55625
3 0.37421875 0.19140625 0.1203125 0.3828125
3 0.4515625 0.2 0.0875 0.4
3 0.4921875 0.0765625 0.06015625 0.153125
3 0.62734375 0.18828125 0.11484375 0.3765625
3 0.72109375 0.1734375 0.07265625 0.346875
3 0.81171875 0.1796875 0.0890625 0.359375
3 0.9234375 0.171875 0.0875 0.34296875
3 0.97265625 0.203125 0.05 0.39296875
2 0.47890625 0.65 0.2875 0.43359375