2 0.67734375 0.784375 0.40625 0.18828125
3 0.0609375 0.4484375 0.121875 0.671875
3 0.26796875 0.46796875 0.11171875 0.46796875
3 0.13671875 0.4578125 0.078125 0.5015625
3 0.21171875 0.4921875 0.05234375 0.36484375
3 0.39375 0.5015625 0.04375 0.29765625
3 0.42734375 0.5140625 0.04609375 0.321875
3 0.46796875 0.5109375 0.06015625 0.321875
3 0.53125 0.5078125 0.05390625 0.42578125
3 0.66328125 0.490625 0.06171875 0.3796875
3 0.878125 0.4953125 0.03203125 0.103125
3 0.9109375 0.50625 0.01796875 0.08203125
3 0.9359375 0.5046875 0.02421875 0.103125
3 0.9578125 0.496875 0.0203125 0.10625
3 0.97734375 0.5125 0.0296875 0.10625