3 0.92265625 0.51171875 0.13515625 0.6640625
3 0.80703125 0.8828125 0.321875 0.23125
3 0.93984375 0.0828125 0.1171875 0.165625
3 0.84921875 0.05234375 0.0859375 0.1015625
3 0.66015625 0.265625 0.08828125 0.22578125
3 0.75703125 0.1703125 0.06015625 0.33984375
3 0.81796875 0.17578125 0.0609375 0.26328125
3 0.48671875 0.24765625 0.071875 0.4203125
3 0.45703125 0.1234375 0.06484375 0.23671875
3 0.39453125 0.17734375 0.05 0.2796875
3 0.36484375 0.153125 0.0953125 0.30625
3 0.26171875 0.45390625 0.128125 0.3484375
3 0.13671875 0.38671875 0.12109375 0.18359375
3 0.1234375 0.1390625 0.10625 0.2703125
3 0.1875 0.24609375 0.13359375 0.16875
3 0.0265625 0.35625 0.05234375 0.11015625
3 0.053125 0.60625 0.10390625 0.42890625
2 0.2796875 0.67421875 0.2046875 0.35625
2 0.53984375 0.65390625 0.26875 0.2796875
3 0.5953125 0.61484375 0.1515625 0.4109375
3 0.665625 0.5265625 0.09453125 0.1921875
3 0.71640625 0.47421875 0.05234375 0.165625
2 0.37265625 0.53359375 0.1953125 0.2703125