3 0.06875 0.25703125 0.07109375 0.11875
3 0.01640625 0.290625 0.02890625 0.14140625
3 0.09375 0.22578125 0.03359375 0.06796875
3 0.17578125 0.165625 0.07265625 0.17265625
3 0.22578125 0.12734375 0.09375 0.24296875
3 0.32109375 0.03984375 0.06640625 0.0734375
3 0.384375 0.15234375 0.12265625 0.28828125
3 0.25625 0.4265625 0.2125 0.6609375
3 0.48203125 0.10859375 0.11484375 0.18359375
3 0.66171875 0.25 0.11015625 0.1328125
3 0.49765625 0.25390625 0.075 0.10703125
3 0.76328125 0.1890625 0.08125 0.1578125
3 0.80703125 0.26953125 0.06875 0.12734375
3 0.890625 0.1796875 0.09375 0.19453125
3 0.92890625 0.28359375 0.05859375 0.0765625
3 0.97734375 0.40703125 0.04140625 0.7796875
3 0.91875 0.44921875 0.09609375 0.53671875
3 0.61171875 0.075 0.11015625 0.15
3 0.7828125 0.0703125 0.125 0.140625
3 0.50390625 0.03671875 0.0875 0.0734375
2 0.62109375 0.54765625 0.64140625 0.5140625
2 0.60390625 0.69921875 0.65 0.22890625