3 0.01484375 0.509375 0.02421875 0.2
3 0.08984375 0.64296875 0.1078125 0.440625
3 0.1875 0.5453125 0.0625 0.21796875
3 0.1515625 0.59765625 0.0328125 0.16796875
3 0.24140625 0.4546875 0.05078125 0.0546875
3 0.3125 0.52734375 0.05078125 0.16328125
3 0.253125 0.6296875 0.08671875 0.33203125
3 0.73359375 0.4453125 0.078125 0.1546875
3 0.79765625 0.684375 0.12265625 0.58671875
3 0.85 0.4796875 0.078125 0.259375
3 0.91015625 0.6296875 0.071875 0.459375
3 0.971875 0.615625 0.05078125 0.48671875
2 0.56171875 0.7 0.2125 0.13671875