2 0.49140625 0.73203125 0.1796875 0.06796875
3 0.09296875 0.48125 0.096875 0.13203125
3 0.0671875 0.40625 0.03515625 0.04375
3 0.1890625 0.440625 0.03515625 0.08125
3 0.22109375 0.4265625 0.0515625 0.05625
3 0.27890625 0.4484375 0.03515625 0.06640625
3 0.13359375 0.43125 0.04296875 0.04375
3 0.30703125 0.43671875 0.03984375 0.046875
3 0.37265625 0.4390625 0.03515625 0.046875
3 0.9625 0.50546875 0.028125 0.07578125
3 0.98515625 0.5375 0.0265625 0.11328125
3 0.6890625 0.6984375 0.078125 0.3921875
3 0.6375 0.55078125 0.071875 0.23359375
3 0.40390625 0.62578125 0.0984375 0.3984375
3 0.32578125 0.5953125 0.06796875 0.3453125
3 0.4875 0.63359375 0.08828125 0.09453125
3 0.5890625 0.66875 0.1015625 0.1640625