2 0.53515625 0.740625 0.2234375 0.31484375
3 0.6734375 0.42109375 0.13984375 0.5421875
3 0.78984375 0.3828125 0.1328125 0.46484375
3 0.490625 0.22734375 0.065625 0.140625
3 0.44375 0.20078125 0.04375 0.140625
3 0.40625 0.22890625 0.05234375 0.13828125
3 0.3671875 0.19140625 0.02890625 0.0484375
3 0.3265625 0.2515625 0.10390625 0.25703125
3 0.35625 0.559375 0.15625 0.36796875
3 0.50625 0.484375 0.09609375 0.19375
3 0.11171875 0.43203125 0.13984375 0.6078125
3 0.20234375 0.25703125 0.07109375 0.2328125
3 0.059375 0.1890625 0.02734375 0.0578125
3 0.0203125 0.29296875 0.03984375 0.27578125