3 0.08671875 0.70546875 0.146875 0.55390625
3 0.025 0.2140625 0.05 0.4046875
3 0.1734375 0.24375 0.06640625 0.32109375
3 0.31484375 0.56875 0.15703125 0.54140625
2 0.31171875 0.76171875 0.13671875 0.2859375
3 0.453125 0.61328125 0.10703125 0.5359375
3 0.51640625 0.73828125 0.1203125 0.51171875
3 0.4796875 0.2109375 0.06640625 0.1015625
3 0.5484375 0.2203125 0.04296875 0.33359375
3 0.61640625 0.22890625 0.09296875 0.3390625
3 0.73515625 0.2203125 0.08359375 0.3453125
3 0.83984375 0.52109375 0.10703125 0.44609375
3 0.94140625 0.690625 0.11015625 0.58359375