2 0.346875 0.53984375 0.24765625 0.2171875
3 0.84140625 0.32109375 0.125 0.1390625
3 0.67734375 0.54609375 0.5 0.6265625
3 0.50625 0.3296875 0.14140625 0.1625
3 0.57890625 0.2765625 0.1375 0.1625
3 0.49453125 0.23984375 0.06015625 0.0546875
3 0.48984375 0.1609375 0.075 0.10625
3 0.43828125 0.153125 0.04765625 0.090625
3 0.53046875 0.12890625 0.04765625 0.0484375
3 0.18359375 0.20625 0.10390625 0.2125
3 0.10625 0.18671875 0.0625 0.1484375
3 0.04765625 0.23515625 0.0953125 0.1296875
3 0.1 0.08828125 0.05859375 0.0671875
3 0.15859375 0.06953125 0.05 0.0578125
3 0.20234375 0.4484375 0.35390625 0.353125