3 0.05078125 0.1921875 0.1015625 0.38125
3 0.22578125 0.41875 0.19453125 0.8375
3 0.33359375 0.171875 0.07421875 0.29609375
3 0.36953125 0.08671875 0.05 0.0828125
3 0.43203125 0.15234375 0.0859375 0.29296875
3 0.525 0.21171875 0.08046875 0.28515625
3 0.5671875 0.06796875 0.06796875 0.0828125
3 0.6390625 0.26171875 0.08828125 0.46953125
3 0.709375 0.2890625 0.03984375 0.4078125
3 0.75078125 0.1 0.05 0.07734375
3 0.78828125 0.31171875 0.08984375 0.54375
3 0.9046875 0.35703125 0.15 0.67734375
3 0.36875 0.35234375 0.140625 0.12265625
3 0.546875 0.434375 0.13203125 0.271875
3 0.39453125 0.55234375 0.24453125 0.40546875
3 0.715625 0.709375 0.2484375 0.384375
2 0.49765625 0.76953125 0.2984375 0.39765625