2 0.5125 0.63828125 0.45234375 0.3328125
2 0.4046875 0.734375 0.4859375 0.3078125
2 0.34296875 0.83203125 0.56796875 0.3328125
2 0.165625 0.86484375 0.2953125 0.2671875
3 0.609375 0.39296875 0.2125 0.6046875
3 0.371875 0.47890625 0.27890625 0.51484375
3 0.684375 0.21328125 0.11796875 0.4265625
3 0.87265625 0.44453125 0.2234375 0.88828125
3 0.3953125 0.1859375 0.13359375 0.371875
3 0.296875 0.19453125 0.09921875 0.3390625
3 0.203125 0.209375 0.0953125 0.35546875
3 0.1328125 0.146875 0.0859375 0.24453125