3 0.08515625 0.1265625 0.08203125 0.1359375
3 0.17109375 0.234375 0.078125 0.271875
3 0.17734375 0.50703125 0.11015625 0.13359375
3 0.0859375 0.67734375 0.11171875 0.14375
3 0.27890625 0.95625 0.1140625 0.0828125
3 0.72890625 0.44296875 0.10625 0.29296875
3 0.72421875 0.24140625 0.0796875 0.125
3 0.78125 0.16796875 0.06171875 0.21875
3 0.77890625 0.05234375 0.065625 0.071875
3 0.43984375 0.053125 0.071875 0.090625
3 0.328125 0.10390625 0.0640625 0.1015625
3 0.296875 0.20703125 0.09375 0.10390625