3 0.04453125 0.46640625 0.08125 0.30703125
3 0.0234375 0.1171875 0.04609375 0.234375
3 0.3328125 0.14765625 0.190625 0.2953125
3 0.25390625 0.47734375 0.103125 0.28515625
3 0.54453125 0.18125 0.08828125 0.3296875
3 0.67890625 0.3296875 0.09609375 0.234375
3 0.775 0.23984375 0.08828125 0.33515625
3 0.91484375 0.265625 0.10625 0.4859375
3 0.9734375 0.1453125 0.04609375 0.25703125
3 0.61328125 0.3828125 0.07109375 0.128125
2 0.7640625 0.60078125 0.4578125 0.475
2 0.303125 0.49140625 0.57109375 0.7484375