2 0.36328125 0.8359375 0.7265625 0.32265625
3 0.0484375 0.32265625 0.096875 0.3796875
3 0.0765625 0.17109375 0.11328125 0.17265625
3 0.23203125 0.3375 0.21015625 0.41484375
3 0.28671875 0.4484375 0.053125 0.05234375
3 0.48671875 0.29765625 0.20703125 0.4
3 0.61171875 0.1984375 0.0703125 0.07265625
3 0.6796875 0.3359375 0.16640625 0.32265625
3 0.78359375 0.1953125 0.0734375 0.06484375
3 0.8046875 0.3875 0.14296875 0.3296875
3 0.91484375 0.2265625 0.0703125 0.0625
3 0.91328125 0.41484375 0.16640625 0.38984375
3 0.475 0.55859375 0.496875 0.22265625