3 0.09453125 0.3296875 0.16484375 0.5203125
3 0.2109375 0.0984375 0.165625 0.196875
3 0.0734375 0.03515625 0.1 0.0703125
3 0.02109375 0.09140625 0.04140625 0.14765625
3 0.39453125 0.09140625 0.171875 0.1671875
3 0.3640625 0.24375 0.18515625 0.27265625
3 0.49453125 0.0421875 0.0859375 0.084375
3 0.58515625 0.0953125 0.1703125 0.18515625
3 0.64921875 0.3109375 0.278125 0.3578125
3 0.6859375 0.03515625 0.06484375 0.06484375
3 0.7546875 0.1296875 0.11640625 0.23515625
3 0.9234375 0.06875 0.15 0.12734375
3 0.91640625 0.3234375 0.16328125 0.50234375
2 0.48046875 0.5921875 0.61171875 0.41484375