3 0.1703125 0.25234375 0.0703125 0.15078125
3 0.0515625 0.503125 0.10234375 0.98671875
3 0.27109375 0.18984375 0.04765625 0.059375
3 0.20234375 0.2015625 0.0546875 0.11484375
3 0.80625 0.38984375 0.1578125 0.57734375
3 0.6484375 0.64921875 0.24765625 0.328125
3 0.3390625 0.6703125 0.2078125 0.42265625
3 0.43984375 0.5375 0.0953125 0.21640625
3 0.6890625 0.2921875 0.0578125 0.2953125
3 0.65625 0.21328125 0.0671875 0.15703125
3 0.53125 0.2296875 0.0421875 0.13125
3 0.85234375 0.11796875 0.0296875 0.065625
2 0.50859375 0.71953125 0.17734375 0.271875