2 0.55 0.76328125 0.2671875 0.26171875
3 0.96015625 0.66328125 0.0765625 0.26953125
3 0.43203125 0.22734375 0.1 0.30234375
3 0.37578125 0.24375 0.07421875 0.33515625
3 0.29609375 0.10078125 0.0328125 0.0328125
3 0.259375 0.1296875 0.0421875 0.1171875
3 0.15546875 0.278125 0.14765625 0.55546875
3 0.05078125 0.4984375 0.1015625 0.996875
3 0.2828125 0.765625 0.3 0.46328125
3 0.6109375 0.11328125 0.03671875 0.10078125
3 0.6515625 0.12109375 0.0421875 0.1171875
3 0.75 0.08984375 0.03828125 0.08203125
3 0.71796875 0.10078125 0.02890625 0.0875
3 0.565625 0.0859375 0.0328125 0.0734375