2 0.46015625 0.89375 0.54921875 0.20546875
3 0.46875 0.70546875 0.37578125 0.58125
3 0.39921875 0.65078125 0.59296875 0.65859375
3 0.053125 0.49609375 0.10625 0.7671875
3 0.1640625 0.48046875 0.225 0.8296875
3 0.28671875 0.35234375 0.14609375 0.10078125
3 0.4859375 0.22265625 0.17421875 0.2515625
3 0.596875 0.18046875 0.09453125 0.14375
3 0.69765625 0.43828125 0.15390625 0.6203125
3 0.76875 0.1765625 0.090625 0.15859375
3 0.8796875 0.5015625 0.1859375 0.7484375
3 0.96015625 0.42265625 0.07109375 0.54296875