2 0.7046875 0.45390625 0.29296875 0.20234375
3 0.70234375 0.159375 0.11171875 0.3109375
3 0.78203125 0.0984375 0.046875 0.1109375
3 0.64296875 0.10546875 0.03671875 0.1234375
3 0.4765625 0.103125 0.05 0.08125
3 0.31953125 0.11796875 0.0453125 0.13125
3 0.340625 0.0828125 0.028125 0.0609375
3 0.2765625 0.096875 0.03671875 0.06640625
3 0.22109375 0.12734375 0.08203125 0.15234375
3 0.1703125 0.08671875 0.03671875 0.05625
3 0.1375 0.09140625 0.03828125 0.06484375
3 0.1515625 0.15859375 0.18671875 0.18984375
3 0.02421875 0.11796875 0.0453125 0.1359375