0 0.5015625 0.559375 0.99296875 0.8703125
2 0.72890625 0.85703125 0.53828125 0.28125
2 0.2375 0.89765625 0.47421875 0.19921875
2 0.70234375 0.96171875 0.478125 0.071875
2 0.35546875 0.70859375 0.35078125 0.2171875
2 0.3546875 0.60859375 0.32734375 0.1296875
2 0.14921875 0.58515625 0.2984375 0.1671875
2 0.1109375 0.5546875 0.221875 0.13828125
2 0.10703125 0.4640625 0.178125 0.05859375
2 0.2625 0.43125 0.1 0.071875
2 0.25 0.38359375 0.08515625 0.05078125
2 0.3203125 0.4984375 0.19609375 0.0953125
2 0.79765625 0.73984375 0.390625 0.26015625
2 0.5203125 0.525 0.3421875 0.190625
2 0.94453125 0.5609375 0.10390625 0.11953125
2 0.8203125 0.46171875 0.22578125 0.06328125
2 0.90390625 0.49609375 0.1453125 0.06328125
2 0.35234375 0.3796875 0.07265625 0.06328125
2 0.3953125 0.4375 0.0671875 0.06875
2 0.46015625 0.43359375 0.06875 0.0609375
2 0.56015625 0.46171875 0.0875 0.06328125
2 0.4703125 0.36640625 0.06328125 0.03203125
2 0.5109375 0.41484375 0.065625 0.05078125
2 0.6234375 0.36484375 0.04765625 0.05078125
2 0.63515625 0.41484375 0.05234375 0.05078125
2 0.7234375 0.39375 0.065625 0.06640625
2 0.7328125 0.6203125 0.37421875 0.2125
2 0.41328125 0.36875 0.0421875 0.04765625