2 0.60625 0.6828125 0.67421875 0.2359375
3 0.02421875 0.15234375 0.0453125 0.1703125
3 0.078125 0.2359375 0.1421875 0.37890625
3 0.17890625 0.25546875 0.165625 0.47578125
3 0.26015625 0.1296875 0.1125 0.2234375
3 0.5109375 0.1078125 0.02890625 0.04375
3 0.540625 0.11796875 0.03125 0.03984375
3 0.57734375 0.1109375 0.03125 0.053125
3 0.67109375 0.1421875 0.13828125 0.20625
3 0.81015625 0.13671875 0.1328125 0.22109375
3 0.88515625 0.45859375 0.22578125 0.8734375
3 0.56875 0.61640625 0.6875 0.7640625