3 0.2125 0.48671875 0.3046875 0.9515625
3 0.04453125 0.48671875 0.0765625 0.83359375
3 0.9125 0.5015625 0.16796875 0.9890625
3 0.86015625 0.0515625 0.0890625 0.09609375
3 0.784375 0.04453125 0.0890625 0.0890625
3 0.71484375 0.09609375 0.1546875 0.1921875
3 0.584375 0.0703125 0.06328125 0.13359375
3 0.496875 0.05390625 0.07265625 0.0703125
3 0.4203125 0.528125 0.17421875 0.45546875
3 0.7109375 0.29609375 0.203125 0.20703125
3 0.77421875 0.58671875 0.17109375 0.278125
2 0.5171875 0.81484375 0.36796875 0.36328125