3 0.06015625 0.30703125 0.1 0.58828125
3 0.1390625 0.25234375 0.0578125 0.4625
3 0.18984375 0.07578125 0.1046875 0.1515625
3 0.19140625 0.4640625 0.07734375 0.62578125
3 0.24765625 0.4578125 0.075 0.63828125
3 0.3296875 0.403125 0.1 0.68046875
3 0.37109375 0.17265625 0.0625 0.2015625
3 0.36484375 0.05703125 0.05 0.096875
3 0.41015625 0.05859375 0.0578125 0.1171875
3 0.44140625 0.39296875 0.0921875 0.5671875
3 0.54765625 0.49140625 0.1046875 0.65546875
3 0.47265625 0.06484375 0.075 0.1046875
3 0.54765625 0.115625 0.0546875 0.08828125
3 0.6953125 0.3296875 0.11015625 0.584375
3 0.72890625 0.07734375 0.05234375 0.121875
3 0.77890625 0.28125 0.09765625 0.47890625
3 0.80234375 0.090625 0.0546875 0.11328125
3 0.8421875 0.134375 0.05 0.19296875
3 0.88125 0.17890625 0.07265625 0.121875
3 0.8875 0.42421875 0.0546875 0.34453125
3 0.95234375 0.34453125 0.08984375 0.63046875
2 0.5765625 0.69765625 0.39765625 0.26875