3 0.02109375 0.33515625 0.04140625 0.3609375
3 0.05234375 0.10859375 0.08046875 0.19609375
3 0.14140625 0.3765625 0.1515625 0.484375
3 0.246875 0.28125 0.11875 0.4171875
3 0.32578125 0.09765625 0.08046875 0.1859375
3 0.403125 0.09765625 0.06875 0.1546875
3 0.42578125 0.3453125 0.13671875 0.35078125
3 0.528125 0.13125 0.07421875 0.1703125
3 0.6328125 0.5515625 0.14609375 0.38125
3 0.54921875 0.3453125 0.11015625 0.29921875
3 0.63828125 0.1859375 0.0984375 0.37109375
3 0.78125 0.221875 0.10390625 0.40234375
3 0.92890625 0.1859375 0.10703125 0.37109375
3 0.971875 0.28125 0.05078125 0.30390625
3 0.94765625 0.63125 0.0984375 0.5515625
2 0.5234375 0.58984375 0.315625 0.221875