2 0.490625 0.44453125 0.33828125 0.165625
3 0.15 0.33984375 0.2078125 0.4421875
3 0.28984375 0.303125 0.1 0.26796875
3 0.41171875 0.3375 0.12421875 0.0796875
3 0.42734375 0.2640625 0.12578125 0.07578125
3 0.51484375 0.27890625 0.07421875 0.20703125
3 0.59921875 0.29296875 0.11796875 0.15078125
3 0.7671875 0.42265625 0.21796875 0.27890625
3 0.9328125 0.38984375 0.1296875 0.24453125
3 0.94921875 0.54921875 0.09765625 0.071875
3 0.84609375 0.28359375 0.07578125 0.0890625
3 0.803125 0.22265625 0.10234375 0.08984375
3 0.690625 0.25078125 0.134375 0.1453125
3 0.72265625 0.134375 0.09765625 0.08203125