3 0.05625 0.08671875 0.1125 0.1671875
3 0.10703125 0.3078125 0.1453125 0.3328125
3 0.2265625 0.1921875 0.1578125 0.20390625
3 0.16640625 0.0453125 0.0890625 0.08984375
3 0.29296875 0.08359375 0.0984375 0.1671875
3 0.40390625 0.15703125 0.1234375 0.18046875
3 0.41796875 0.03828125 0.1609375 0.0765625
3 0.5875 0.059375 0.1453125 0.11875
3 0.55234375 0.21015625 0.16015625 0.1828125
3 0.715625 0.2515625 0.19453125 0.32734375
3 0.9125 0.1671875 0.0875 0.334375
3 0.971875 0.2953125 0.05234375 0.5640625
3 0.8 0.71875 0.3453125 0.55703125
3 0.234375 0.71015625 0.31640625 0.54375
3 0.38671875 0.35703125 0.2421875 0.23984375
2 0.52421875 0.6015625 0.29609375 0.3375