0 0.4953125 0.6234375 0.98671875 0.746875
2 0.2546875 0.81171875 0.15390625 0.15703125
2 0.35390625 0.728125 0.1046875 0.08984375
2 0.5234375 0.7734375 0.215625 0.11328125
2 0.240625 0.6234375 0.15546875 0.0734375
2 0.2421875 0.6796875 0.1703125 0.06640625
2 0.39140625 0.63359375 0.1234375 0.0734375
2 0.64765625 0.7546875 0.09375 0.11640625
2 0.759375 0.73359375 0.17421875 0.08671875
2 0.575 0.60703125 0.15 0.09296875
2 0.70703125 0.66015625 0.09921875 0.06640625
2 0.1359375 0.746875 0.178125 0.09296875
2 0.478125 0.66171875 0.15546875 0.0703125