2 0.04453125 0.44296875 0.0703125 0.1390625
2 0.38671875 0.54765625 0.16640625 0.225
2 0.46796875 0.5140625 0.2203125 0.25390625
2 0.709375 0.4140625 0.128125 0.1671875
2 0.67109375 0.3734375 0.08984375 0.0671875
2 0.5765625 0.3609375 0.04765625 0.071875
2 0.52578125 0.35859375 0.02890625 0.04765625
2 0.37578125 0.42109375 0.09921875 0.0765625
3 0.12265625 0.37109375 0.0546875 0.215625
3 0.08125 0.3609375 0.04765625 0.1578125
3 0.3671875 0.35390625 0.05078125 0.11484375
3 0.4359375 0.378125 0.09921875 0.153125
3 0.83671875 0.3609375 0.08984375 0.215625