2 0.46796875 0.63515625 0.83359375 0.5703125
3 0.25625 0.1953125 0.18515625 0.22578125
3 0.09375 0.26328125 0.1765625 0.19765625
3 0.0375 0.5609375 0.075 0.24609375
3 0.07734375 0.09375 0.1546875 0.1875
3 0.29609375 0.12421875 0.13125 0.24375
3 0.4265625 0.075 0.16640625 0.1421875
3 0.5078125 0.23515625 0.16875 0.18203125
3 0.58203125 0.08671875 0.15546875 0.16171875
3 0.6859375 0.19921875 0.1390625 0.34609375
3 0.8953125 0.28671875 0.1390625 0.365625
3 0.9515625 0.4171875 0.09140625 0.41796875
3 0.92734375 0.08203125 0.1390625 0.16015625
3 0.79375 0.046875 0.134375 0.09375