3 0.9609375 0.4875 0.07421875 0.940625
3 0.85703125 0.51015625 0.13671875 0.89609375
3 0.76640625 0.3671875 0.10703125 0.5953125
3 0.6734375 0.39296875 0.1 0.51328125
3 0.5921875 0.40546875 0.16171875 0.6328125
3 0.5015625 0.29921875 0.07265625 0.290625
3 0.3890625 0.284375 0.0875 0.27578125
3 0.26875 0.3203125 0.0875 0.30234375
3 0.16796875 0.3390625 0.09296875 0.31484375
3 0.0921875 0.45546875 0.13671875 0.70703125
3 0.02890625 0.15390625 0.0546875 0.09453125
3 0.05234375 0.82421875 0.1046875 0.2703125
3 0.45546875 0.5953125 0.17265625 0.26796875
3 0.4453125 0.45 0.1453125 0.11171875
3 0.259375 0.59921875 0.13984375 0.34453125
3 0.34765625 0.4765625 0.0578125 0.084375
2 0.33125 0.6703125 0.134375 0.21875