3 0.2546875 0.25859375 0.03046875 0.11640625
3 0.2875 0.246875 0.0359375 0.08359375
3 0.07734375 0.2890625 0.03828125 0.0890625
3 0.0359375 0.29453125 0.03828125 0.1
3 0.19453125 0.2859375 0.04140625 0.11640625
3 0.46953125 0.2609375 0.08515625 0.44453125
3 0.55546875 0.3109375 0.025 0.1
3 0.0234375 0.0859375 0.046875 0.171875
3 0.65703125 0.321875 0.04140625 0.25546875
3 0.62265625 0.353125 0.04375 0.128125
3 0.59765625 0.3859375 0.04921875 0.15
3 0.371875 0.278125 0.03828125 0.06640625
3 0.39375 0.353125 0.04375 0.08359375
3 0.74375 0.353125 0.11015625 0.49453125
3 0.89921875 0.36640625 0.1953125 0.7109375
2 0.6390625 0.5859375 0.4796875 0.3609375