3 0.91015625 0.05859375 0.171875 0.10703125
3 0.94609375 0.14765625 0.10390625 0.1375
3 0.77265625 0.08984375 0.09765625 0.06015625
3 0.73203125 0.18125 0.184375 0.18828125
3 0.6 0.13515625 0.1 0.10546875
3 0.5203125 0.18671875 0.1359375 0.184375
3 0.434375 0.115625 0.1078125 0.07890625
3 0.3109375 0.240625 0.25390625 0.42890625
3 0.3671875 0.1234375 0.0578125 0.04375
3 0.19765625 0.1078125 0.10390625 0.07890625
3 0.11796875 0.0515625 0.12421875 0.07109375
3 0.1140625 0.3234375 0.128125 0.503125
3 0.05625 0.3921875 0.0921875 0.76640625
3 0.38203125 0.59375 0.415625 0.32421875
3 0.74296875 0.5875 0.51015625 0.70234375
2 0.628125 0.72265625 0.6 0.38203125