2 0.78984375 0.4328125 0.3640625 0.30390625
2 0.86171875 0.62890625 0.2734375 0.36640625
2 0.684375 0.85390625 0.40625 0.2828125
2 0.46796875 0.76015625 0.5953125 0.45703125
2 0.375 0.6609375 0.3796875 0.3015625
2 0.29453125 0.57421875 0.275 0.225
2 0.51171875 0.46484375 0.2546875 0.2296875
2 0.66796875 0.42265625 0.25 0.23671875
2 0.60703125 0.328125 0.2671875 0.15546875
2 0.52890625 0.30546875 0.21171875 0.12734375
2 0.36875 0.44765625 0.16953125 0.1578125
2 0.33828125 0.37734375 0.0984375 0.08125
2 0.471875 0.26328125 0.18515625 0.16015625
0 0.49453125 0.49296875 0.9890625 0.9859375
2 0.8078125 0.22421875 0.134375 0.1140625