3 0.07734375 0.4703125 0.1546875 0.60546875
3 0.1671875 0.38671875 0.0703125 0.4859375
3 0.2328125 0.4046875 0.1 0.45
3 0.2328125 0.1875 0.0296875 0.11171875
3 0.29375 0.36875 0.1125 0.521875
3 0.425 0.38046875 0.11484375 0.48984375
3 0.56875 0.35625 0.1078125 0.4578125
3 0.64140625 0.45625 0.1421875 0.57734375
3 0.67734375 0.17890625 0.0703125 0.19140625
3 0.7265625 0.39453125 0.0828125 0.565625
3 0.78359375 0.3765625 0.0921875 0.47421875
3 0.82109375 0.19140625 0.0375 0.11953125
3 0.8921875 0.44453125 0.0953125 0.5859375
2 0.34140625 0.71328125 0.3625 0.1515625
2 0.7125 0.67890625 0.23515625 0.09921875
3 0.49140625 0.35078125 0.04765625 0.3265625