3 0.7578125 0.53984375 0.128125 0.73359375
3 0.68828125 0.484375 0.1796875 0.15859375
3 0.59765625 0.23828125 0.12421875 0.18125
3 0.521875 0.50390625 0.12421875 0.7703125
3 0.26484375 0.6953125 0.19375 0.41640625
2 0.59609375 0.8015625 0.24765625 0.24921875
3 0.32265625 0.05703125 0.078125 0.0796875
3 0.78671875 0.0484375 0.10234375 0.09609375
3 0.915625 0.05234375 0.11171875 0.09921875
3 0.70625 0.05078125 0.084375 0.1015625
3 0.6046875 0.04140625 0.11015625 0.08203125
3 0.46796875 0.046875 0.11171875 0.09375
3 0.22578125 0.05234375 0.1078125 0.09921875
3 0.040625 0.0546875 0.08125 0.09375