3 0.1859375 0.37734375 0.05625 0.3125
3 0.25390625 0.42734375 0.0796875 0.5125
3 0.35859375 0.38359375 0.05390625 0.35859375
3 0.40859375 0.27109375 0.04453125 0.16640625
3 0.48359375 0.29765625 0.04453125 0.12890625
3 0.4328125 0.50625 0.14140625 0.27890625
3 0.565625 0.39140625 0.08203125 0.45859375
3 0.653125 0.44375 0.09140625 0.62890625
3 0.7203125 0.37890625 0.0515625 0.31640625
3 0.7765625 0.4 0.05625 0.39140625
3 0.85625 0.40859375 0.0703125 0.4
2 0.44609375 0.63125 0.30859375 0.1875
3 0.88359375 0.25859375 0.02578125 0.05