2 0.3015625 0.725 0.1890625 0.21015625
3 0.2046875 0.09921875 0.11328125 0.19765625
3 0.3578125 0.165625 0.1171875 0.328125
3 0.42890625 0.0640625 0.07421875 0.125
3 0.5171875 0.06875 0.040625 0.075
3 0.040625 0.29140625 0.08125 0.5828125
3 0.01875 0.1578125 0.0375 0.1390625
3 0.2421875 0.42890625 0.26015625 0.42734375
3 0.1234375 0.725 0.24453125 0.546875
3 0.46015625 0.746875 0.3375 0.503125
3 0.83203125 0.68671875 0.33359375 0.609375
3 0.96640625 0.18671875 0.06484375 0.3734375
3 0.8421875 0.18984375 0.1859375 0.3765625