3 0.02109375 0.2125 0.03671875 0.33359375
3 0.053125 0.253125 0.05703125 0.07265625
3 0.13125 0.0859375 0.04296875 0.0984375
3 0.15234375 0.1015625 0.05390625 0.03046875
3 0.5015625 0.1515625 0.0515625 0.19140625
3 0.55 0.15546875 0.05390625 0.15546875
3 0.33984375 0.15234375 0.0625 0.15234375
3 0.7203125 0.58125 0.31953125 0.51953125
3 0.16640625 0.478125 0.24453125 0.76640625
3 0.74453125 0.2421875 0.06171875 0.1390625
3 0.80625 0.25625 0.07734375 0.13046875
3 0.88984375 0.20703125 0.09453125 0.384375
2 0.390625 0.29453125 0.18203125 0.07421875
2 0.68046875 0.27109375 0.07890625 0.11171875
2 0.94921875 0.40859375 0.08515625 0.09609375
2 0.3171875 0.25546875 0.13125 0.0609375