3 0.95703125 0.1203125 0.0765625 0.10546875
3 0.90078125 0.2390625 0.1359375 0.3625
3 0.8125 0.15390625 0.0859375 0.2
3 0.72421875 0.26796875 0.171875 0.38671875
3 0.5703125 0.17421875 0.08125 0.11171875
3 0.509375 0.2578125 0.121875 0.2984375
3 0.41875 0.22578125 0.0765625 0.27421875
3 0.2828125 0.2203125 0.13125 0.32578125
3 0.1609375 0.20546875 0.121875 0.23359375
3 0.09765625 0.10703125 0.05859375 0.12578125
3 0.05234375 0.29140625 0.10390625 0.4609375
2 0.484375 0.49140625 0.53359375 0.1359375