3 0.9734375 0.1765625 0.05078125 0.3234375
3 0.93671875 0.12890625 0.046875 0.16953125
3 0.86171875 0.2734375 0.10234375 0.534375
3 0.81875 0.0359375 0.03203125 0.0515625
3 0.72578125 0.271875 0.090625 0.5140625
3 0.66484375 0.18671875 0.05078125 0.3234375
3 0.63359375 0.0859375 0.04296875 0.12421875
3 0.5921875 0.1328125 0.09453125 0.26484375
3 0.5125 0.16015625 0.11015625 0.2734375
3 0.46328125 0.19296875 0.06953125 0.31015625
3 0.36640625 0.2109375 0.06953125 0.28125
3 0.5828125 0.05 0.06328125 0.040625
3 0.334375 0.1375 0.05 0.08515625
3 0.2484375 0.3546875 0.12890625 0.63515625
3 0.290625 0.1109375 0.03515625 0.09921875
3 0.1609375 0.47578125 0.12109375 0.325
3 0.18046875 0.0765625 0.03203125 0.0953125
3 0.1234375 0.1671875 0.1078125 0.284375
3 0.0703125 0.2796875 0.11328125 0.43359375
3 0.02890625 0.27421875 0.0578125 0.38828125
2 0.52421875 0.30859375 0.078125 0.12890625
2 0.59609375 0.375 0.08125 0.20234375
2 0.57578125 0.66171875 0.54609375 0.5859375