2 0.52734375 0.85390625 0.45 0.16328125
3 0.0546875 0.63125 0.1 0.5
3 0.17734375 0.64453125 0.15 0.5640625
3 0.38984375 0.65546875 0.21484375 0.1953125
3 0.4328125 0.6765625 0.1796875 0.52578125
3 0.5984375 0.48359375 0.1125 0.53203125
3 0.6640625 0.59765625 0.14765625 0.59921875
3 0.68515625 0.34765625 0.1203125 0.23359375
3 0.775 0.51640625 0.1203125 0.50625
3 0.90625 0.58515625 0.1375 0.61875
3 0.75625 0.22578125 0.1171875 0.16953125
3 0.07890625 0.15859375 0.1078125 0.1765625
3 0.0953125 0.22421875 0.0703125 0.0765625
3 0.0734375 0.365625 0.1171875 0.21796875