2 0.76875 0.72578125 0.096875 0.16484375
3 0.01640625 0.80859375 0.0328125 0.3765625
3 0.09296875 0.83984375 0.0828125 0.31328125
3 0.2296875 0.8515625 0.07265625 0.290625
3 0.26796875 0.7984375 0.07421875 0.39609375
3 0.3578125 0.7875 0.14296875 0.41953125
3 0.415625 0.7296875 0.12421875 0.415625
3 0.55859375 0.7109375 0.103125 0.4390625
3 0.59921875 0.6140625 0.146875 0.475
3 0.5828125 0.36328125 0.07265625 0.27734375
3 0.7015625 0.64375 0.09296875 0.4359375
3 0.8015625 0.45703125 0.08984375 0.4390625
3 0.9015625 0.4390625 0.07265625 0.44921875
3 0.975 0.3265625 0.04296875 0.27734375
3 0.12734375 0.12734375 0.065625 0.25390625