2 0.6203125 0.69921875 0.41484375 0.1859375
3 0.90546875 0.378125 0.0578125 0.13984375
3 0.98125 0.46015625 0.0359375 0.2421875
3 0.978125 0.34921875 0.03515625 0.0875
3 0.85078125 0.340625 0.02890625 0.0734375
3 0.71640625 0.45078125 0.10078125 0.2875
3 0.79296875 0.49453125 0.0890625 0.4546875
3 0.5921875 0.48984375 0.10078125 0.346875
3 0.4390625 0.3578125 0.05859375 0.215625
3 0.39921875 0.29140625 0.028125 0.0703125
3 0.365625 0.25234375 0.0515625 0.08515625
3 0.365625 0.5484375 0.10546875 0.5453125
3 0.20390625 0.47734375 0.13671875 0.71171875
3 0.11328125 0.35078125 0.0453125 0.1828125
3 0.0703125 0.471875 0.140625 0.753125