2 0.3046875 0.765625 0.36328125 0.2625
2 0.253125 0.615625 0.26640625 0.07734375
2 0.33984375 0.5671875 0.31640625 0.20625
2 0.3046875 0.41015625 0.1078125 0.0671875
3 0.903125 0.4046875 0.1078125 0.634375
3 0.96875 0.36328125 0.05390625 0.4796875
3 0.79140625 0.32734375 0.06171875 0.35546875
3 0.83359375 0.27578125 0.03828125 0.2734375
3 0.7125 0.3015625 0.0578125 0.2734375
3 0.64453125 0.309375 0.09296875 0.309375
3 0.60234375 0.22421875 0.06171875 0.0671875
3 0.05234375 0.4328125 0.10390625 0.54609375
3 0.434375 0.384375 0.065625 0.16015625