3 0.13203125 0.28359375 0.1265625 0.4359375
3 0.825 0.1359375 0.06015625 0.1671875
3 0.9765625 0.303125 0.04296875 0.41796875
3 0.74453125 0.05234375 0.0453125 0.1046875
3 0.2453125 0.17734375 0.0734375 0.19296875
3 0.1953125 0.3421875 0.06015625 0.1984375
3 0.07265625 0.3171875 0.06796875 0.18046875
3 0.3265625 0.1328125 0.0734375 0.06796875
3 0.39453125 0.4984375 0.31171875 0.84609375
3 0.4078125 0.565625 0.33828125 0.3
3 0.7578125 0.53515625 0.30859375 0.69453125
3 0.73359375 0.62265625 0.096875 0.43046875
3 0.5515625 0.39296875 0.1703125 0.27421875
2 0.33828125 0.75859375 0.56015625 0.30546875