2 0.6625 0.92578125 0.659375 0.14375
2 0.703125 0.796875 0.5875 0.1625
2 0.69453125 0.67265625 0.50234375 0.09140625
2 0.671875 0.58046875 0.440625 0.12578125
2 0.67734375 0.53828125 0.40234375 0.05859375
2 0.6796875 0.49375 0.37578125 0.05859375
2 0.66875 0.471875 0.35703125 0.07109375
2 0.67421875 0.42109375 0.32421875 0.0625
2 0.67578125 0.3890625 0.28359375 0.0484375
2 0.66171875 0.36484375 0.27421875 0.053125
2 0.65703125 0.33203125 0.22734375 0.05078125
2 0.6578125 0.2890625 0.190625 0.04296875
2 0.1671875 0.9078125 0.334375 0.178125
2 0.2171875 0.78671875 0.42734375 0.24765625
2 0.2328125 0.61953125 0.32734375 0.225
2 0.27421875 0.5578125 0.3375 0.178125
2 0.3203125 0.48671875 0.2703125 0.17421875
2 0.34765625 0.46171875 0.25 0.1234375
2 0.34765625 0.4453125 0.24609375 0.11171875
2 0.3671875 0.41171875 0.2296875 0.1015625
2 0.39609375 0.37734375 0.1890625 0.1015625
2 0.41953125 0.35 0.17421875 0.1078125
2 0.4515625 0.315625 0.1484375 0.0828125
2 0.45234375 0.2859375 0.15390625 0.08125
2 0.4859375 0.2625 0.12265625 0.0625
2 0.03359375 0.55859375 0.0671875 0.07109375
2 0.06875 0.50234375 0.1375 0.11953125
2 0.07890625 0.4390625 0.1578125 0.11953125
2 0.096875 0.38125 0.19296875 0.13828125
2 0.12734375 0.3515625 0.20546875 0.1234375
2 0.17421875 0.334375 0.2 0.09296875
2 0.19921875 0.33359375 0.16640625 0.0875
2 0.22734375 0.303125 0.14609375 0.09140625
2 0.2421875 0.28671875 0.1421875 0.0953125
2 0.2578125 0.275 0.14609375 0.09140625
2 0.26875 0.259375 0.12421875 0.08515625
2 0.29765625 0.25078125 0.1328125 0.0828125
2 0.32109375 0.25859375 0.12265625 0.075
0 0.50078125 0.49921875 0.99609375 0.99765625