2 0.4453125 0.6453125 0.3296875 0.37421875
3 0.6078125 0.503125 0.24375 0.8859375
3 0.04609375 0.4203125 0.0921875 0.6015625
3 0.17734375 0.16015625 0.065625 0.3140625
3 0.2296875 0.16484375 0.0359375 0.3234375
3 0.26484375 0.04453125 0.0421875 0.0890625
3 0.06875 0.103125 0.07421875 0.20625
3 0.36328125 0.215625 0.0140625 0.06015625
3 0.3796875 0.221875 0.01171875 0.05390625
3 0.3953125 0.21875 0.021875 0.05390625
3 0.43984375 0.18984375 0.015625 0.05078125
3 0.41796875 0.20546875 0.015625 0.0390625