3 0.03203125 0.3390625 0.040625 0.0859375
3 0.09765625 0.3421875 0.05234375 0.125
3 0.13671875 0.3640625 0.0390625 0.128125
3 0.23359375 0.55 0.13203125 0.778125
3 0.328125 0.3 0.0765625 0.125
3 0.43046875 0.34296875 0.128125 0.34375
3 0.52890625 0.315625 0.09375 0.196875
3 0.71875 0.30703125 0.071875 0.18046875
3 0.7890625 0.56796875 0.1375 0.52421875
3 0.825 0.3390625 0.09375 0.2
3 0.60625 0.609375 0.21640625 0.778125
3 0.37578125 0.659375 0.17578125 0.3515625
3 0.48515625 0.6421875 0.09140625 0.2046875
2 0.39296875 0.88046875 0.265625 0.23515625