2 0.5390625 0.7375 0.18125 0.20703125
2 0.41484375 0.6984375 0.2234375 0.19609375
3 0.92265625 0.7484375 0.1078125 0.5
3 0.98125 0.39296875 0.02890625 0.084375
3 0.98203125 0.60390625 0.03359375 0.34609375
3 0.8734375 0.6609375 0.07109375 0.53203125
3 0.80234375 0.68671875 0.10234375 0.58125
3 0.740625 0.5890625 0.09375 0.61796875
3 0.7984375 0.328125 0.08671875 0.175
3 0.8953125 0.29453125 0.090625 0.18125
3 0.9140625 0.22890625 0.05078125 0.14375
3 0.9609375 0.19921875 0.0765625 0.37890625
3 0.8875 0.059375 0.1109375 0.11796875
3 0.87578125 0.16953125 0.0671875 0.07734375
3 0.80625 0.13984375 0.0828125 0.11484375
3 0.77578125 0.2265625 0.05234375 0.08125
3 0.70390625 0.4296875 0.06640625 0.509375
3 0.70625 0.14921875 0.0625 0.11015625
3 0.7421875 0.08828125 0.08359375 0.0828125
3 0.81953125 0.07734375 0.07265625 0.1421875
3 0.725 0.04765625 0.06640625 0.0953125
3 0.6375 0.0703125 0.10546875 0.1375
3 0.59453125 0.36953125 0.08125 0.47734375
3 0.44921875 0.31953125 0.1078125 0.5421875
3 0.4453125 0.03984375 0.05 0.053125
3 0.52109375 0.053125 0.0609375 0.10625
3 0.3671875 0.13359375 0.06875 0.15703125
3 0.3390625 0.43125 0.12109375 0.4484375
3 0.32109375 0.12890625 0.07421875 0.1015625
3 0.25703125 0.1296875 0.04921875 0.06171875
3 0.28359375 0.0421875 0.07578125 0.06796875
3 0.1921875 0.12578125 0.08046875 0.23125
3 0.1515625 0.18828125 0.06640625 0.1828125
3 0.2484375 0.21953125 0.06640625 0.1015625
3 0.2265625 0.3375 0.05703125 0.128125
3 0.1828125 0.5828125 0.05703125 0.42421875
3 0.04453125 0.70390625 0.05625 0.56328125
3 0.009375 0.540625 0.01875 0.23125
3 0.07265625 0.33046875 0.06640625 0.15546875
3 0.08046875 0.2421875 0.04375 0.0375
3 0.0984375 0.1734375 0.0640625 0.1453125
3 0.190625 0.04609375 0.06953125 0.0890625
3 0.10703125 0.03984375 0.0734375 0.07578125
3 0.05390625 0.10703125 0.0921875 0.19765625
3 0.02265625 0.15078125 0.04375 0.16796875
3 0.02265625 0.29453125 0.04375 0.10703125
3 0.02421875 0.39921875 0.04609375 0.06328125