3 0.0578125 0.31484375 0.115625 0.484375
3 0.2015625 0.221875 0.1390625 0.425
3 0.33203125 0.21953125 0.1359375 0.29375
3 0.31328125 0.06328125 0.04375 0.090625
3 0.39453125 0.2375 0.084375 0.33046875
3 0.49296875 0.22421875 0.13203125 0.39375
3 0.5359375 0.121875 0.02734375 0.07265625
3 0.615625 0.2125 0.11171875 0.41640625
3 0.81328125 0.3078125 0.10859375 0.41640625
3 0.903125 0.45703125 0.18671875 0.878125
3 0.57265625 0.49765625 0.196875 0.2078125
3 0.2421875 0.55234375 0.28828125 0.353125
2 0.51171875 0.76953125 0.2578125 0.45234375