3 0.05625 0.09140625 0.084375 0.17734375
3 0.121875 0.2078125 0.15234375 0.32890625
3 0.2546875 0.23125 0.12578125 0.36328125
3 0.36875 0.12265625 0.10625 0.2078125
3 0.528125 0.09609375 0.10390625 0.17421875
3 0.49375 0.0515625 0.0796875 0.10234375
3 0.8328125 0.37265625 0.15 0.7453125
3 0.9609375 0.36640625 0.07421875 0.7328125
3 0.92578125 0.209375 0.0359375 0.35078125
3 0.68515625 0.440625 0.26171875 0.87578125
3 0.50625 0.2890625 0.2 0.34140625
3 0.440625 0.58984375 0.2140625 0.553125
2 0.58203125 0.6953125 0.82421875 0.446875