2 0.43828125 0.69453125 0.40390625 0.29765625
3 0.67578125 0.4796875 0.1359375 0.2515625
3 0.88515625 0.2296875 0.0421875 0.2703125
3 0.5828125 0.2484375 0.08984375 0.2375
3 0.4953125 0.3625 0.05 0.178125
3 0.51328125 0.27265625 0.04609375 0.12421875
3 0.4578125 0.328125 0.0640625 0.2890625
3 0.4078125 0.24296875 0.04765625 0.06484375
3 0.3640625 0.35390625 0.10390625 0.33515625
3 0.28125 0.3609375 0.07421875 0.21875
3 0.20078125 0.3921875 0.09375 0.28671875
3 0.5171875 0.4875 0.1859375 0.2890625