3 0.95859375 0.6390625 0.0796875 0.23828125
3 0.90703125 0.46640625 0.13359375 0.24609375
3 0.80234375 0.3515625 0.0703125 0.12578125
3 0.659375 0.3640625 0.10625 0.2328125
3 0.57421875 0.31015625 0.0640625 0.234375
3 0.3046875 0.17734375 0.0640625 0.18203125
3 0.50390625 0.31875 0.125 0.4953125
3 0.42265625 0.3375 0.0453125 0.08984375
3 0.3796875 0.2796875 0.1203125 0.484375
3 0.2421875 0.15703125 0.09375 0.15234375
3 0.15703125 0.13359375 0.1015625 0.15
3 0.10390625 0.253125 0.1546875 0.29609375
3 0.21171875 0.5015625 0.2140625 0.51953125
3 0.3046875 0.8875 0.2015625 0.22109375
3 0.1140625 0.8703125 0.20234375 0.25546875
3 0.053125 0.79375 0.10390625 0.2625
3 0.02734375 0.625 0.0546875 0.05234375
3 0.7765625 0.54765625 0.23515625 0.465625
2 0.54140625 0.771875 0.4328125 0.36953125