2 0.3375 0.3375 0.21484375 0.2703125
3 0.17734375 0.28515625 0.16484375 0.3953125
3 0.2125 0.11328125 0.11015625 0.2265625
3 0.05703125 0.18046875 0.1109375 0.3609375
2 0.85234375 0.746875 0.175 0.209375
3 0.9 0.59296875 0.11484375 0.2125
3 0.9625 0.46796875 0.0546875 0.3078125
3 0.9359375 0.3703125 0.02734375 0.0578125
3 0.9109375 0.40234375 0.0375 0.1625
3 0.86484375 0.41015625 0.0453125 0.15859375
3 0.8078125 0.4171875 0.03515625 0.13828125
3 0.7703125 0.40703125 0.0453125 0.1859375
3 0.72734375 0.3703125 0.025 0.0640625