2 0.88203125 0.70859375 0.20859375 0.42578125
2 0.77265625 0.73828125 0.20234375 0.4140625
2 0.6890625 0.76953125 0.1734375 0.41953125
2 0.5421875 0.73046875 0.19375 0.43671875
2 0.3953125 0.73046875 0.15078125 0.453125
2 0.2828125 0.72578125 0.2328125 0.4078125
2 0.15234375 0.73046875 0.2671875 0.475
2 0.0765625 0.67109375 0.14765625 0.3921875
2 0.11015625 0.490625 0.15390625 0.22890625
2 0.2328125 0.471875 0.1 0.23984375
2 0.38046875 0.4734375 0.13125 0.22421875
2 0.5046875 0.47109375 0.11484375 0.203125
2 0.59921875 0.465625 0.09375 0.16953125
2 0.68046875 0.46015625 0.13828125 0.17109375
2 0.78359375 0.44375 0.14609375 0.16796875
2 0.6734375 0.36953125 0.07578125 0.09921875
3 0.45703125 0.2 0.0734375 0.28828125
3 0.3046875 0.42265625 0.13984375 0.271875
3 0.4296875 0.4296875 0.1203125 0.35390625
3 0.53984375 0.4484375 0.1234375 0.28984375
3 0.478125 0.3390625 0.10546875 0.146875
3 0.86484375 0.18046875 0.0703125 0.23359375
3 0.19296875 0.22734375 0.13046875 0.26875
3 0.08515625 0.33828125 0.1140625 0.196875
3 0.0390625 0.3046875 0.078125 0.2578125