2 0.53046875 0.81640625 0.321875 0.3578125
3 0.94921875 0.11328125 0.02734375 0.06328125
3 0.915625 0.278125 0.06796875 0.42109375
3 0.80546875 0.4140625 0.2 0.828125
3 0.72578125 0.12890625 0.0609375 0.121875
3 0.6609375 0.34140625 0.14921875 0.58359375
3 0.57421875 0.29609375 0.09140625 0.58359375
3 0.46640625 0.36640625 0.13203125 0.515625
3 0.378125 0.2921875 0.084375 0.32109375
3 0.33203125 0.21484375 0.02734375 0.140625
3 0.221875 0.38671875 0.2203125 0.45703125
3 0.33359375 0.721875 0.22734375 0.5296875