3 0.975 0.3875 0.04375 0.47109375
3 0.8453125 0.275 0.03359375 0.09921875
3 0.809375 0.434375 0.090625 0.4609375
3 0.72421875 0.48203125 0.09453125 0.61796875
3 0.63828125 0.4765625 0.0640625 0.43984375
3 0.5390625 0.46328125 0.1078125 0.49765625
3 0.475 0.35859375 0.046875 0.27734375
3 0.37578125 0.3875 0.05078125 0.19921875
3 0.33984375 0.2328125 0.03359375 0.07890625
3 0.325 0.3796875 0.05078125 0.2984375
3 0.24921875 0.34296875 0.0671875 0.2671875
3 0.18359375 0.69140625 0.171875 0.33515625
3 0.27421875 0.5 0.0640625 0.0890625
3 0.38046875 0.6390625 0.16796875 0.178125
2 0.44453125 0.821875 0.35703125 0.19921875