3 0.3265625 0.53984375 0.1578125 0.49453125
3 0.40546875 0.33203125 0.12734375 0.5109375
3 0.478125 0.30859375 0.07265625 0.4484375
3 0.6375 0.25234375 0.12890625 0.3140625
3 0.65703125 0.10078125 0.05234375 0.109375
3 0.7265625 0.21328125 0.07421875 0.27890625
3 0.92421875 0.44296875 0.14765625 0.7265625
3 0.81875 0.64921875 0.2203125 0.51640625
3 0.61015625 0.5765625 0.19453125 0.3390625
3 0.1375 0.58203125 0.16171875 0.7703125
3 0.0796875 0.3390625 0.1125 0.671875
3 0.1484375 0.13515625 0.0421875 0.08984375
3 0.03125 0.45390625 0.06171875 0.67734375
3 0.05390625 0.075 0.03828125 0.0734375
2 0.56171875 0.7609375 0.3234375 0.36875