3 0.74453125 0.22265625 0.18828125 0.2
3 0.55703125 0.25234375 0.153125 0.2453125
3 0.459375 0.26015625 0.11171875 0.21875
3 0.3984375 0.2578125 0.06640625 0.1328125
3 0.32265625 0.25703125 0.11484375 0.22890625
3 0.25078125 0.21953125 0.0546875 0.1265625
3 0.071875 0.37421875 0.14296875 0.52109375
3 0.2078125 0.33359375 0.128125 0.14453125
3 0.25546875 0.46875 0.21796875 0.1984375
3 0.7265625 0.40078125 0.23671875 0.1890625
3 0.82734375 0.6953125 0.34140625 0.44609375
2 0.4390625 0.525 0.2546875 0.17421875