2 0.42578125 0.70703125 0.18515625 0.13203125
3 0.3890625 0.5546875 0.084375 0.16328125
3 0.31953125 0.57265625 0.07421875 0.2
3 0.2140625 0.525 0.07734375 0.17734375
3 0.16015625 0.534375 0.0234375 0.12265625
3 0.13984375 0.53203125 0.05078125 0.090625
3 0.11484375 0.66171875 0.0671875 0.16796875
3 0.1921875 0.78203125 0.0875 0.190625
3 0.07890625 0.96328125 0.05703125 0.06328125
3 0.05078125 0.71328125 0.0609375 0.190625
3 0.025 0.53125 0.05 0.1625
3 0.0609375 0.56328125 0.0609375 0.109375
3 0.5625 0.85703125 0.0875 0.22265625