3 0.0703125 0.12421875 0.08828125 0.13515625
3 0.0734375 0.2921875 0.08828125 0.13515625
3 0.05859375 0.453125 0.09765625 0.18671875
3 0.22734375 0.44609375 0.075 0.12578125
3 0.184375 0.38984375 0.06875 0.0890625
3 0.2109375 0.27109375 0.075 0.103125
3 0.20078125 0.14453125 0.08203125 0.14921875
3 0.33359375 0.2359375 0.13046875 0.0984375
3 0.3515625 0.334375 0.1015625 0.22890625
3 0.45390625 0.146875 0.071875 0.14453125
3 0.91484375 0.15625 0.078125 0.14453125
3 0.93984375 0.2734375 0.1140625 0.17265625
3 0.94609375 0.453125 0.1015625 0.19609375
2 0.5796875 0.5 0.58515625 0.915625