3 0.88828125 0.3875 0.159375 0.74609375
3 0.7234375 0.45 0.15625 0.6125
3 0.80546875 0.04296875 0.0640625 0.0859375
3 0.7203125 0.09296875 0.0734375 0.071875
3 0.61484375 0.10546875 0.03515625 0.0953125
3 0.6421875 0.1125 0.04453125 0.11015625
3 0.67421875 0.1125 0.02578125 0.11953125
3 0.5125 0.225 0.09921875 0.43046875
3 0.4390625 0.215625 0.11796875 0.43046875
3 0.37890625 0.3203125 0.09296875 0.43046875
3 0.3546875 0.06953125 0.04453125 0.1390625
3 0.30546875 0.0765625 0.0671875 0.153125
3 0.25703125 0.2390625 0.11171875 0.43046875
3 0.2 0.37109375 0.18203125 0.74140625
3 0.08984375 0.38046875 0.17265625 0.7609375
3 0.60390625 0.4328125 0.09609375 0.28203125
3 0.66484375 0.29921875 0.0828125 0.17734375
2 0.46171875 0.671875 0.2265625 0.43515625