3 0.23515625 0.4375 0.13125 0.5390625
3 0.375 0.290625 0.0921875 0.428125
3 0.47421875 0.61171875 0.10625 0.56484375
3 0.4625 0.37265625 0.0234375 0.071875
3 0.30390625 0.4109375 0.04609375 0.0734375
3 0.34453125 0.46796875 0.0609375 0.09609375
3 0.65390625 0.58203125 0.13984375 0.6078125
3 0.73359375 0.4859375 0.1203125 0.56171875
3 0.803125 0.21640625 0.0734375 0.41015625
3 0.84921875 0.5109375 0.1046875 0.5421875
3 0.8796875 0.246875 0.03125 0.09296875
3 0.90703125 0.56015625 0.08125 0.5703125
3 0.9546875 0.365625 0.0875 0.5453125
2 0.35078125 0.6078125 0.134375 0.14296875