2 0.3625 0.67265625 0.11484375 0.11171875
2 0.5640625 0.64453125 0.08828125 0.21875
2 0.0671875 0.61171875 0.05 0.11484375
2 0.1859375 0.6015625 0.05078125 0.1875
2 0.23828125 0.63359375 0.0578125 0.1625
2 0.284375 0.64140625 0.03671875 0.13125
3 0.065625 0.4125 0.01796875 0.0953125
3 0.0859375 0.5375 0.040625 0.2890625
3 0.1140625 0.540625 0.05546875 0.4046875
3 0.15234375 0.4796875 0.04375 0.2140625
3 0.47578125 0.56796875 0.04609375 0.4328125
3 0.5046875 0.56796875 0.03125 0.3421875
3 0.621875 0.5296875 0.0578125 0.33515625
3 0.66640625 0.52890625 0.071875 0.39375
3 0.71953125 0.44375 0.01796875 0.2109375
3 0.7359375 0.47109375 0.0234375 0.20078125
3 0.7375 0.36640625 0.00859375 0.04375
3 0.75703125 0.459375 0.02265625 0.22421875
3 0.796875 0.53515625 0.046875 0.19296875
3 0.82578125 0.41171875 0.0265625 0.1734375
3 0.85546875 0.4796875 0.05859375 0.353125
3 0.9125 0.5703125 0.0765625 0.42421875
3 0.984375 0.4796875 0.02421875 0.33984375