3 0.19765625 0.4984375 0.2140625 0.996875
3 0.4109375 0.146875 0.0796875 0.2828125
3 0.5890625 0.16484375 0.07265625 0.26796875
3 0.58671875 0.11484375 0.0421875 0.16328125
3 0.66484375 0.171875 0.06015625 0.28828125
3 0.7109375 0.1453125 0.06171875 0.27578125
3 0.7609375 0.0296875 0.03828125 0.05390625
3 0.7734375 0.2359375 0.121875 0.4515625
3 0.9734375 0.2703125 0.0453125 0.35234375
3 0.6421875 0.4984375 0.21484375 0.30390625
3 0.4984375 0.51640625 0.26875 0.44140625
2 0.5703125 0.7421875 0.52890625 0.30625