3 0.675 0.33359375 0.28203125 0.29609375
3 0.771875 0.22109375 0.26171875 0.4359375
3 0.64453125 0.07734375 0.05234375 0.1296875
3 0.56953125 0.07734375 0.09296875 0.14453125
3 0.36171875 0.11796875 0.190625 0.23515625
3 0.21328125 0.065625 0.06796875 0.0921875
3 0.078125 0.23984375 0.15625 0.4796875
3 0.28984375 0.346875 0.35703125 0.2171875
3 0.4 0.44453125 0.509375 0.37109375
2 0.69921875 0.6875 0.49296875 0.47890625
3 0.94765625 0.75390625 0.1 0.1046875
3 0.165625 0.721875 0.33125 0.184375
3 0.13515625 0.115625 0.125 0.228125