3 0.2734375 0.71328125 0.29765625 0.56640625
3 0.49765625 0.5875 0.2296875 0.4375
3 0.6109375 0.56484375 0.1171875 0.29765625
3 0.7015625 0.43515625 0.10234375 0.5984375
3 0.7734375 0.221875 0.0578125 0.11484375
3 0.7609375 0.33125 0.0421875 0.10390625
3 0.8078125 0.48203125 0.11015625 0.38359375
3 0.82890625 0.2578125 0.04765625 0.071875
3 0.8921875 0.45859375 0.08984375 0.50859375
3 0.9421875 0.5015625 0.11015625 0.93203125
3 0.0671875 0.49765625 0.134375 0.9953125
3 0.20390625 0.27265625 0.1671875 0.5234375
3 0.36875 0.25234375 0.1921875 0.29765625
3 0.47109375 0.2203125 0.0578125 0.29765625
3 0.5421875 0.25078125 0.0796875 0.23671875
3 0.61015625 0.2171875 0.08515625 0.2546875
2 0.5390625 0.853125 0.32734375 0.2796875