0 0.4984375 0.46640625 0.996875 0.89453125
2 0.3484375 0.5484375 0.10234375 0.0765625
2 0.41015625 0.4375 0.0671875 0.0671875
2 0.46640625 0.45703125 0.0578125 0.0484375
2 0.496875 0.5625 0.0859375 0.0484375
2 0.52734375 0.4828125 0.0828125 0.071875
2 0.6296875 0.35546875 0.0640625 0.0484375
2 0.61953125 0.31953125 0.05078125 0.04296875
2 0.840625 0.6296875 0.11484375 0.10546875
2 0.54765625 0.65390625 0.09296875 0.125
2 0.4859375 0.38203125 0.04453125 0.0625
2 0.7046875 0.43046875 0.0671875 0.09140625