3 0.55703125 0.43046875 0.178125 0.8609375
3 0.425 0.23125 0.0578125 0.1515625
3 0.4703125 0.20703125 0.0359375 0.065625
3 0.75390625 0.159375 0.015625 0.0515625
3 0.65546875 0.17578125 0.01484375 0.0375
3 0.62578125 0.17265625 0.01171875 0.0421875
3 0.63359375 0.171875 0.01484375 0.0375
3 0.70859375 0.16953125 0.02421875 0.04765625
3 0.68125 0.16875 0.021875 0.03203125
3 0.7828125 0.1625 0.01484375 0.04453125
3 0.8203125 0.16875 0.0234375 0.04375
3 0.89765625 0.1546875 0.0234375 0.04375
3 0.925 0.15234375 0.0296875 0.0578125
3 0.96015625 0.14765625 0.03125 0.0515625
3 0.9859375 0.1640625 0.0265625 0.053125
3 0.32734375 0.22265625 0.0546875 0.13046875
3 0.275 0.20859375 0.0203125 0.0703125
3 0.21484375 0.39296875 0.21484375 0.7828125
3 0.34140625 0.38359375 0.12421875 0.18125
2 0.39296875 0.61875 0.1640625 0.25