2 0.46796875 0.65234375 0.1203125 0.253125
3 0.01015625 0.46328125 0.0203125 0.07421875
3 0.0296875 0.50390625 0.0203125 0.13359375
3 0.07421875 0.4671875 0.03984375 0.121875
3 0.10703125 0.440625 0.02578125 0.05078125
3 0.1359375 0.42890625 0.015625 0.03984375
3 0.15703125 0.44296875 0.03828125 0.08515625
3 0.190625 0.465625 0.0296875 0.0453125
3 0.1890625 0.425 0.021875 0.03125
3 0.325 0.4375 0.03828125 0.0796875
3 0.2578125 0.44765625 0.0359375 0.05390625
3 0.91328125 0.44296875 0.03828125 0.090625