3 0.0625 0.50234375 0.03125 0.08359375
3 0.0984375 0.49296875 0.034375 0.08359375
3 0.2234375 0.46796875 0.053125 0.1421875
3 0.2796875 0.48515625 0.046875 0.12734375
3 0.325 0.53203125 0.04375 0.0734375
3 0.39375 0.50703125 0.03125 0.08359375
3 0.459375 0.46796875 0.025 0.0640625
3 0.603125 0.28203125 0.075 0.15234375
3 0.8859375 0.32109375 0.221875 0.34765625
3 0.940625 0.2625 0.1125 0.31875
3 0.790625 0.38984375 0.2375 0.29921875
2 0.640625 0.48046875 0.325 0.2453125
2 0.546875 0.56875 0.2625 0.22578125
2 0.3234375 0.65703125 0.396875 0.30390625