2 0.60390625 0.6703125 0.36328125 0.3015625
3 0.0296875 0.1875 0.0515625 0.128125
3 0.04296875 0.36875 0.08515625 0.22890625
3 0.0984375 0.25 0.078125 0.31015625
3 0.178125 0.29609375 0.12578125 0.36328125
3 0.3203125 0.3140625 0.16640625 0.48359375
3 0.43671875 0.24609375 0.09609375 0.26796875
3 0.53359375 0.290625 0.1484375 0.45234375
3 0.40390625 0.1984375 0.0296875 0.128125
3 0.66484375 0.30859375 0.1890625 0.44375
3 0.84296875 0.3296875 0.1515625 0.5140625
3 0.89609375 0.41875 0.18515625 0.5421875
3 0.9390625 0.61015625 0.1 0.65078125