2 0.6140625 0.5609375 0.08828125 0.13046875
3 0.7546875 0.7921875 0.134375 0.33203125
3 0.88671875 0.403125 0.078125 0.26328125
3 0.81171875 0.47109375 0.05234375 0.2546875
3 0.74765625 0.54453125 0.06796875 0.2796875
3 0.7171875 0.4 0.03828125 0.06953125
3 0.6828125 0.440625 0.0578125 0.221875
3 0.7078125 0.32265625 0.04765625 0.09140625
3 0.64296875 0.33515625 0.06171875 0.24921875
3 0.53984375 0.51796875 0.07578125 0.1609375
3 0.65390625 0.51953125 0.05234375 0.14140625
3 0.578125 0.40859375 0.0640625 0.1859375
3 0.46796875 0.4125 0.05625 0.26015625
3 0.40078125 0.3421875 0.034375 0.11875
3 0.41015625 0.3796875 0.06796875 0.2546875
3 0.36796875 0.22421875 0.084375 0.14375
3 0.3546875 0.41171875 0.0703125 0.22421875
3 0.3140625 0.39921875 0.084375 0.26015625
3 0.225 0.425 0.02578125 0.08046875
3 0.2109375 0.49140625 0.0703125 0.26328125
3 0.12890625 0.50859375 0.05390625 0.26875
3 0.153125 0.39609375 0.04609375 0.2328125
3 0.05390625 0.43203125 0.05625 0.2046875